Protein	Protein ID	Entry Name	Gene	Length	Organism	Protein Description	Protein Existence	Coverage	Protein Probability	Top Peptide Probability	Total Peptides	Unique Peptides	Razor Peptides	Total Spectral Count	Unique Spectral Count	Razor Spectral Count	Total Intensity	Unique Intensity	Razor Intensity	Razor Assigned Modifications	Razor Observed Modifications	Indistinguishable Proteins	channel_126	channel_127N	channel_127C	channel_128N	channel_128C	channel_129N	channel_129C	channel_130N	channel_130C	channel_131N	channel_131C	channel_132N	channel_132C	channel_133N	channel_133C	channel_134N
contam_sp|O43790|KRT86_HUMAN	O43790	KRT86_HUMAN	KRT86	486	Homo sapiens	Keratin, type II cuticular Hb6	1:Experimental evidence at protein level	31.69	1.0000	0.9990	15	0	14	22	0	19	45532646	     0	45532646	10K(304.2072), 11K(304.2072), 12K(304.2072), 18C(57.0215), 1C(57.0215), 2C(57.0215), 2K(304.2072), 3C(57.0215), 6M(15.9949), 7K(304.2072), 9K(304.2072), N-term(304.2072)		sp|O43790|KRT86_HUMAN	3307991.9648	103036.3192	306958.5356	116465.1697	202049.1931	310179.4719	128648.3322	120693.5720	126262.9380	179424.6654	249692.4871	160167.2917	1424534.5981	96111.9142	143584.5869	0.0000
contam_sp|P00761|TRYP_PIG	P00761	TRYP_PIG		231	Sus scrofa	Trypsin	1:Experimental evidence at protein level	46.75	1.0000	0.9990	11	10	11	120	119	120	5213422272	5213422272	5213422272	10K(304.2072), 12C(57.0215), 14K(304.2072), 17M(15.9949), 18K(304.2072), 20K(304.2072), 23C(57.0215), 24K(304.2072), 2C(57.0215), 2K(304.2072), 37M(15.9949), 40K(304.2072), 8K(304.2072), 9C(57.0215), N-term(304.2072)			5320818.2295	5216325.2288	5946136.5442	5878719.9604	6264720.5923	6257450.2886	5933873.8494	6380942.6260	6773130.0371	6366145.6450	6175431.1206	5999875.6685	6148450.0479	5760963.7312	6016620.7188	58476.6206
contam_sp|P02533|K1C14_HUMAN	P02533	K1C14_HUMAN	KRT14	472	Homo sapiens	Keratin, type I cytoskeletal 14	1:Experimental evidence at protein level	66.74	1.0000	0.9990	35	0	21	75	0	34	565923632	     0	565923632	10K(304.2072), 11K(304.2072), 11M(15.9949), 13K(304.2072), 15M(15.9949), 16K(304.2072), 18K(304.2072), 19K(304.2072), 1C(57.0215), 1K(304.2072), 2K(304.2072), 2M(15.9949), 3M(15.9949), 5M(15.9949), 6M(15.9949), 7K(304.2072), 7M(15.9949), 9K(304.2072), N-term(304.2072)		sp|P02533|K1C14_HUMAN	554953.1387	431181.6636	522040.8650	528283.4282	521548.7910	406285.4600	863656.2480	819499.8730	683313.5088	955500.5059	997612.3940	1050951.5781	742737.0352	631369.2976	1353022.4580	8706.2935
contam_sp|P02662|CASA1_BOVIN	P02662	CASA1_BOVIN	CSN1S1	214	Bos taurus	Alpha-S1-casein	1:Experimental evidence at protein level	45.33	1.0000	0.9990	10	10	10	26	26	26	71544756	71544756	71544756	11M(15.9949), 12K(304.2072), 14K(304.2072), 2K(304.2072), 3M(15.9949), 4K(304.2072), 8K(304.2072), N-term(304.2072)			534655.4604	446702.5244	630678.2671	550967.7478	598121.0781	566148.1155	551456.2041	653604.1431	627236.6187	685873.0708	597756.2651	577496.3975	656045.8560	625783.7690	619031.1206	12422.3171
contam_sp|P02663|CASA2_BOVIN	P02663	CASA2_BOVIN	CSN1S2	222	Bos taurus	Alpha-S2-casein	1:Experimental evidence at protein level	38.29	1.0000	0.9990	10	10	10	13	13	13	35249205	35249205	35249205	10K(304.2072), 11K(304.2072), 12C(57.0215), 13K(304.2072), 16C(57.0215), 17K(304.2072), 2M(15.9949), 4C(57.0215), 6K(304.2072), 7K(304.2072), 8C(57.0215), 8K(304.2072), 9K(304.2072), N-term(304.2072)			543779.0908	367244.7676	589804.6328	544102.3232	461548.6196	606843.0215	477632.9150	639176.9736	588778.4961	712059.5166	618066.5781	571166.4131	667620.1699	613029.9575	660065.9858	1178.0126
contam_sp|P02666|CASB_BOVIN	P02666	CASB_BOVIN	CSN2	224	Bos taurus	Beta-casein	1:Experimental evidence at protein level	25.00	1.0000	0.9990	8	8	8	21	21	21	83683966	83683966	83683966	2K(304.2072), 2M(15.9949), 4M(15.9949), 5M(15.9949), 7K(304.2072), 8K(304.2072), 9M(15.9949), N-term(304.2072)			359572.9896	329578.9182	419962.0498	396815.1201	513701.2607	399906.9902	417706.0039	469389.9392	406334.0659	550275.2480	391989.1313	393380.9414	432302.2441	392768.4351	392297.8562	6922.3794
contam_sp|P02668|CASK_BOVIN	P02668	CASK_BOVIN	CSN3	190	Bos taurus	Kappa-casein	1:Experimental evidence at protein level	24.74	1.0000	0.9990	4	4	4	6	6	6	10045395	10045395	10045395	18K(304.2072), 2C(57.0215), 5K(304.2072), 8K(304.2072), 9M(15.9949), N-term(304.2072)			113252.8892	260816.8174	185281.5078	250035.6943	225610.9116	305536.0625	260360.1865	174935.6968	146872.4473	348147.4375	168527.8564	245109.6787	169363.3125	161729.7676	190365.5117	0.0000
contam_sp|P02754|LACB_BOVIN	P02754	LACB_BOVIN	LGB	178	Bos taurus	Beta-lactoglobulin	1:Experimental evidence at protein level	57.30	1.0000	0.9990	9	9	9	12	12	12	56153474	56153474	56153474	10K(304.2072), 11K(304.2072), 12C(57.0215), 14K(304.2072), 18C(57.0215), 20C(57.0215), 20K(304.2072), 4M(15.9949), 5C(57.0215), 6K(304.2072), 6M(15.9949), 7K(304.2072), 8K(304.2072), 9K(304.2072), N-term(304.2072)			356472.2607	236772.7202	378854.5400	314808.3438	262458.5835	341676.0488	256849.0913	442239.0068	419102.2734	476937.2969	391527.3779	333873.5596	409390.5205	398719.6035	399733.1318	2988.4696
contam_sp|P02768|ALBU_HUMAN	P02768	ALBU_HUMAN	ALB	609	Homo sapiens	Serum albumin	1:Experimental evidence at protein level	17.08	1.0000	0.9985	14	0	9	29	0	10	640672016	     0	640672016	10K(304.2072), 12K(304.2072), 1K(304.2072), 2C(57.0215), 2K(304.2072), 3C(57.0215), 4C(57.0215), 5C(57.0215), 5K(304.2072), 7K(304.2072), 8K(304.2072), 9K(304.2072), N-term(304.2072)		sp|P02768|ALBU_HUMAN	119765.8809	100306.9414	102873.9897	144274.5713	129213.4727	128447.7607	121044.9785	177979.6211	183090.7949	158229.3926	181095.2246	265313.0195	139212.6807	132918.7227	172347.8320	0.0000
contam_sp|P02769|ALBU_BOVIN	P02769	ALBU_BOVIN	ALB	607	Bos taurus	Serum albumin	1:Experimental evidence at protein level	85.50	1.0000	0.9990	74	63	74	197	167	197	667965136	433240784	667965136	10C(57.0215), 10K(304.2072), 10M(15.9949), 11C(57.0215), 11K(304.2072), 12C(57.0215), 12K(304.2072), 13C(57.0215), 13K(304.2072), 14C(57.0215), 14K(304.2072), 15K(304.2072), 16K(304.2072), 17C(57.0215), 17K(304.2072), 18C(57.0215), 18K(304.2072), 19K(304.2072), 1C(57.0215), 1K(304.2072), 1M(15.9949), 20K(304.2072), 21C(57.0215), 21K(304.2072), 22C(57.0215), 22K(304.2072), 24K(304.2072), 25K(304.2072), 27K(304.2072), 28K(304.2072), 29K(304.2072), 2C(57.0215), 2K(304.2072), 30C(57.0215), 31K(304.2072), 3C(57.0215), 3K(304.2072), 3M(15.9949), 4C(57.0215), 4K(304.2072), 5C(57.0215), 5K(304.2072), 6C(57.0215), 6K(304.2072), 6M(15.9949), 7K(304.2072), 8C(57.0215), 8K(304.2072), 9C(57.0215), 9K(304.2072), N-term(304.2072)			8046822.9932	6602462.8186	9553552.7339	9743329.9453	5588649.4795	8222797.3035	7135695.3875	16561626.7966	8091182.8835	9179994.5840	8516278.2295	8328647.8281	11378057.0159	8516994.6250	9198972.5186	78166.1251
contam_sp|P04259|K2C6B_HUMAN	P04259	K2C6B_HUMAN	KRT6B	564	Homo sapiens	Keratin, type II cytoskeletal 6B	1:Experimental evidence at protein level	34.40	1.0000	0.9855	24	0	1	58	0	3	450687028	     0	450687028	N-term(304.2072)		sp|P04259|K2C6B_HUMAN	38645.5742	44024.3794	37020.7129	39789.3271	45603.8103	39116.6831	57270.1860	68905.0371	47877.0703	52708.7607	46134.6772	45931.0352	50461.3955	35236.6470	73574.5625	0.0000
contam_sp|P04264|K2C1_HUMAN	P04264	K2C1_HUMAN	KRT1	644	Homo sapiens	Keratin, type II cytoskeletal 1	1:Experimental evidence at protein level	59.78	1.0000	0.9990	56	0	56	240	0	240	726176544	     0	726176544	10K(304.2072), 11K(304.2072), 11M(15.9949), 12K(304.2072), 14K(304.2072), 15K(304.2072), 16K(304.2072), 19M(15.9949), 1K(304.2072), 21K(304.2072), 24K(304.2072), 2K(304.2072), 2M(15.9949), 3K(304.2072), 4C(57.0215), 4K(304.2072), 5K(304.2072), 5M(15.9949), 6K(304.2072), 6M(15.9949), 7K(304.2072), 7M(15.9949), 8K(304.2072), 8M(15.9949), 9K(304.2072), N-term(304.2072)		sp|P04264|K2C1_HUMAN	9742728.0830	6576728.3643	8148840.9133	6894430.2278	9931854.8337	6926639.9849	10712556.3030	15500791.5352	12610234.1187	15933156.9058	14018004.2903	21761063.3042	13327091.5911	12427397.7693	18425721.4771	251632.2329
contam_sp|P05783|K1C18_HUMAN	P05783	K1C18_HUMAN	KRT18	430	Homo sapiens	Keratin, type I cytoskeletal 18	1:Experimental evidence at protein level	35.12	1.0000	0.9990	11	0	10	45	0	38	438424450	     0	438424450	11K(304.2072), 12K(304.2072), 12M(15.9949), 18K(304.2072), 2K(304.2072), 5K(304.2072), 5M(15.9949), 7K(304.2072), N-term(304.2072)		sp|P05783|K1C18_HUMAN	528700.6692	561142.7493	548050.7527	533910.9897	430152.2332	454959.2092	441311.9932	413553.3135	482003.4844	542849.9812	501329.8721	551772.0723	537280.1963	531102.6550	383745.4558	329428.0453
contam_sp|P05787|K2C8_HUMAN	P05787	K2C8_HUMAN	KRT8	483	Homo sapiens	Keratin, type II cytoskeletal 8	1:Experimental evidence at protein level	31.06	1.0000	0.9990	16	0	8	44	0	24	134217128	     0	134217128	10K(304.2072), 11K(304.2072), 13M(15.9949), 6M(15.9949), 9K(304.2072), N-term(304.2072)		sp|P05787|K2C8_HUMAN	341535.2061	346306.4668	347840.8203	303302.9199	252256.8267	261817.4170	270722.6011	264493.0264	292299.1191	322337.9619	291133.2168	326002.8486	334181.3877	325551.2295	247540.1084	154196.7617
contam_sp|P08779|K1C16_HUMAN	P08779	K1C16_HUMAN	KRT16	473	Homo sapiens	Keratin, type I cytoskeletal 16	1:Experimental evidence at protein level	64.48	1.0000	0.9990	32	0	28	73	0	51	565923632	     0	565923632	10C(57.0215), 11K(304.2072), 11M(15.9949), 12C(57.0215), 12K(304.2072), 14K(304.2072), 15M(15.9949), 16K(304.2072), 17K(304.2072), 19K(304.2072), 1C(57.0215), 1K(304.2072), 2K(304.2072), 3C(57.0215), 3M(15.9949), 5M(15.9949), 6K(304.2072), 6M(15.9949), 7K(304.2072), 7M(15.9949), 8M(15.9949), 9K(304.2072), N-term(304.2072)		sp|P08779|K1C16_HUMAN	966055.9482	1370722.4060	1119013.4597	1211036.3147	1207142.4958	802149.5591	2278679.6782	1556802.5591	1335902.8745	1821848.1582	2333172.2124	1850624.0544	1554804.5747	1178594.2305	4603887.7119	17666.8569
contam_sp|P13645|K1C10_HUMAN	P13645	K1C10_HUMAN	KRT10	584	Homo sapiens	Keratin, type I cytoskeletal 10	1:Experimental evidence at protein level	65.24	1.0000	0.9990	48	0	47	160	0	158	1056885968	     0	1056885968	10C(57.0215), 10K(304.2072), 11M(15.9949), 12K(304.2072), 13K(304.2072), 14K(304.2072), 16K(304.2072), 17K(304.2072), 18K(304.2072), 19K(304.2072), 1K(304.2072), 26M(15.9949), 2K(304.2072), 3K(304.2072), 3M(15.9949), 4K(304.2072), 5C(57.0215), 5K(304.2072), 5M(15.9949), 6K(304.2072), 6M(15.9949), 7C(57.0215), 7K(304.2072), 7M(15.9949), 8K(304.2072), 9K(304.2072), N-term(304.2072)		sp|P13645|K1C10_HUMAN	4387834.0320	4324799.5038	4319538.8220	3539012.1970	5914644.8694	4091755.4104	7617795.0532	7591431.5005	7386274.9473	8185409.4678	7889845.9102	11137420.3428	7548566.8296	7366588.0950	10508137.5754	120014.7888
contam_sp|P13646|K1C13_HUMAN	P13646	K1C13_HUMAN	KRT13	458	Homo sapiens	Keratin, type I cytoskeletal 13	1:Experimental evidence at protein level	43.23	1.0000	0.9990	19	0	14	46	0	18	682914428	     0	682914428	12C(57.0215), 14M(15.9949), 15K(304.2072), 17C(57.0215), 19K(304.2072), 2K(304.2072), 3M(15.9949), 6K(304.2072), 6M(15.9949), 7K(304.2072), 8K(304.2072), 9K(304.2072), N-term(304.2072)		sp|P13646|K1C13_HUMAN	495773.2002	179718.3391	223448.1040	120736.2388	570695.2793	187228.0464	356093.9043	311181.7559	288870.3330	361697.7949	920439.6309	693440.9141	638544.7676	276654.4932	419154.6924	1329.0001
contam_sp|P13647|K2C5_HUMAN	P13647	K2C5_HUMAN	KRT5	590	Homo sapiens	Keratin, type II cytoskeletal 5	1:Experimental evidence at protein level	52.20	1.0000	0.9990	34	0	26	69	0	46	156806376	     0	156806376	10K(304.2072), 11K(304.2072), 11M(15.9949), 12K(304.2072), 15K(304.2072), 17K(304.2072), 2C(57.0215), 2K(304.2072), 3K(304.2072), 5M(15.9949), 6K(304.2072), 6M(15.9949), 7C(57.0215), 7K(304.2072), 7M(15.9949), 8K(304.2072), 9K(304.2072), 9M(15.9949), N-term(304.2072)		sp|P13647|K2C5_HUMAN	1173712.1624	876679.6152	1037927.8403	1000746.1445	1118421.6265	919286.3213	1587780.9453	1741546.5376	1400079.6567	1855460.1162	1861399.5181	2247376.6270	1583047.4194	1394523.4978	2404259.9370	9355.8450
contam_sp|P19013|K2C4_HUMAN	P19013	K2C4_HUMAN	KRT4	534	Homo sapiens	Keratin, type II cytoskeletal 4	1:Experimental evidence at protein level	26.40	1.0000	0.9990	13	0	9	22	0	11	330238558	     0	330238558	10K(304.2072), 11K(304.2072), 12K(304.2072), 15K(304.2072), 27K(304.2072), 2K(304.2072), 9K(304.2072), N-term(304.2072)		sp|P19013|K2C4_HUMAN	235286.9458	181230.8887	166961.0435	115134.2271	553521.2148	175657.5425	320165.3896	261995.2847	169185.4700	223680.6533	388638.3154	656196.8887	184064.8945	192136.3066	479792.9414	6154.1218
contam_sp|P20930|FILA_HUMAN	P20930	FILA_HUMAN	FLG	4061	Homo sapiens	Filaggrin	1:Experimental evidence at protein level	1.65	1.0000	0.9988	3	0	3	3	0	3	13696381	     0	13696381	13K(304.2072), 5K(304.2072), N-term(304.2072)		sp|P20930|FILA_HUMAN	29167.1655	24053.8232	28232.5059	16931.7109	51284.8325	22284.8975	28077.2207	39365.6958	37903.9717	42308.6597	41050.0176	53726.4502	39096.5605	33118.5537	50890.9653	2088.8882
contam_sp|P22629|SAV_STRAV	P22629	SAV_STRAV		183	Streptomyces avidinii	Streptavidin	1:Experimental evidence at protein level	68.31	1.0000	0.9990	11	11	11	1364	1364	1364	25657320064	25657320064	25657320064	11K(304.2072), 18K(304.2072), 21K(304.2072), 27K(304.2072), 29K(304.2072), 41K(304.2072), N-term(304.2072)			64165979.8207	81634101.5494	101717371.7202	128043916.3445	120558904.2668	139217930.6318	134365279.2810	112503942.5278	114426629.6267	146049974.9438	119993979.9131	136529827.5503	112532321.4565	105896219.6992	119585081.0503	557720.8121
contam_sp|P35527|K1C9_HUMAN	P35527	K1C9_HUMAN	KRT9	623	Homo sapiens	Keratin, type I cytoskeletal 9	1:Experimental evidence at protein level	70.47	1.0000	0.9990	40	0	40	165	0	165	423171792	     0	423171792	10K(304.2072), 13K(304.2072), 14K(304.2072), 15K(304.2072), 15M(15.9949), 16K(304.2072), 17K(304.2072), 18K(304.2072), 19K(304.2072), 1K(304.2072), 1M(15.9949), 21K(304.2072), 22K(304.2072), 23K(304.2072), 25K(304.2072), 26K(304.2072), 27K(304.2072), 28K(304.2072), 29K(304.2072), 2K(304.2072), 30K(304.2072), 31K(304.2072), 3K(304.2072), 3M(15.9949), 40K(304.2072), 5C(57.0215), 5M(15.9949), 6K(304.2072), 6M(15.9949), 7K(304.2072), 8K(304.2072), 8M(15.9949), 9K(304.2072), N-term(304.2072)		sp|P35527|K1C9_HUMAN	8637431.7076	5332680.9111	7564397.4990	6588081.3682	7602188.1257	5928097.2749	8387951.5513	13446342.6172	9947217.7183	13074869.3506	11145365.1506	16544829.8013	10084852.1528	9087608.4729	12980118.6943	45771.4436
contam_sp|P35908|K22E_HUMAN	P35908	K22E_HUMAN	KRT2	639	Homo sapiens	Keratin, type II cytoskeletal 2 epidermal	1:Experimental evidence at protein level	74.18	1.0000	0.9990	49	0	46	159	0	148	502298928	     0	502298928	10K(304.2072), 10M(15.9949), 11K(304.2072), 12K(304.2072), 14K(304.2072), 15K(304.2072), 18K(304.2072), 19K(304.2072), 1K(304.2072), 20K(304.2072), 23K(304.2072), 23M(15.9949), 2K(304.2072), 5K(304.2072), 6K(304.2072), 6M(15.9949), 7C(57.0215), 7K(304.2072), 7M(15.9949), 8C(57.0215), 8K(304.2072), 8M(15.9949), 9K(304.2072), N-term(304.2072)		sp|P35908|K22E_HUMAN	3585631.9971	3382140.1951	3991489.9985	2631328.8254	4638742.2100	3203768.8569	7896524.8098	6791567.6890	6864641.9458	6549862.2510	7182315.8662	8983682.9893	7042217.3169	6560023.4644	9439897.6421	138417.5410
contam_sp|P48668|K2C6C_HUMAN	P48668	K2C6C_HUMAN	KRT6C	564	Homo sapiens	Keratin, type II cytoskeletal 6C	1:Experimental evidence at protein level	37.41	1.0000	0.9990	26	0	10	60	0	15	431540404	     0	431540404	10K(304.2072), 12K(304.2072), 15K(304.2072), 17K(304.2072), 2K(304.2072), 3K(304.2072), 7M(15.9949), 8C(57.0215), 9K(304.2072), 9M(15.9949), N-term(304.2072)		sp|P48668|K2C6C_HUMAN	222167.4878	277248.6855	211719.7388	201698.8447	292179.9829	139591.8623	627888.3369	381380.5723	241033.3564	424106.5449	585089.1094	405799.4902	357248.6064	269631.3213	1107838.6211	6212.3684
contam_sp|P60712|ACTB_BOVIN	P60712	ACTB_BOVIN	ACTB	375	Bos taurus	Actin, cytoplasmic 1	1:Experimental evidence at protein level	71.47	1.0000	0.9990	28	0	28	129	0	129	234836208	     0	234836208	10K(304.2072), 10M(15.9949), 11K(304.2072), 12M(15.9949), 13M(15.9949), 14K(304.2072), 14M(15.9949), 15M(15.9949), 16C(57.0215), 17K(304.2072), 18C(57.0215), 18K(304.2072), 1C(57.0215), 1K(304.2072), 22K(304.2072), 23K(304.2072), 25K(304.2072), 28K(304.2072), 29M(15.9949), 2C(57.0215), 2K(304.2072), 30K(304.2072), 3C(57.0215), 3K(304.2072), 4C(57.0215), 5M(15.9949), 6M(15.9949), 7M(15.9949), 8K(304.2072), 8M(15.9949), N-term(304.2072), N-term(42.0106)		sp|P60709|ACTB_HUMAN	7127367.3374	5270312.5977	6800420.3740	3041462.8267	2637365.5356	2419692.2871	2728250.0042	2880231.7573	3124425.6157	3016291.3027	3063712.2422	3013032.3647	1800892.7986	1631364.2311	1751661.4570	299954.5635
contam_sp|P78386|KRT85_HUMAN	P78386	KRT85_HUMAN	KRT85	507	Homo sapiens	Keratin, type II cuticular Hb5	1:Experimental evidence at protein level	29.78	1.0000	0.9990	16	0	8	21	0	9	45532646	     0	45532646	11K(304.2072), 12K(304.2072), 1K(304.2072), 2K(304.2072), 5C(57.0215), 9K(304.2072), N-term(304.2072)		sp|P78386|KRT85_HUMAN	1231654.7656	42940.2930	112602.8892	51311.0752	92064.2610	197982.1006	57112.3105	59114.3066	58513.6062	78536.4409	91070.5469	87434.2896	350642.5469	41963.7717	56294.9829	0.0000
contam_sp|Q04695|K1C17_HUMAN	Q04695	K1C17_HUMAN	KRT17	432	Homo sapiens	Keratin, type I cytoskeletal 17	1:Experimental evidence at protein level	39.81	1.0000	0.9990	20	0	7	42	0	9	562133612	     0	562133612	11K(304.2072), 12K(304.2072), 18K(304.2072), 19K(304.2072), 3M(15.9949), 5M(15.9949), 8K(304.2072), N-term(304.2072)		sp|Q04695|K1C17_HUMAN	105342.6997	112176.7871	92879.4082	95347.9199	101671.3042	73318.6675	178388.9648	146358.1084	94589.1787	147335.3477	195627.0928	189716.2773	132668.4863	130302.5625	249534.1572	0.0000
contam_sp|Q14525|KT33B_HUMAN	Q14525	KT33B_HUMAN	KRT33B	404	Homo sapiens	Keratin, type I cuticular Ha3-II	2:Experimental evidence at transcript level	30.69	1.0000	0.9990	12	0	10	22	0	14	439174306	     0	439174306	17K(304.2072), 3C(57.0215), 8C(57.0215), 8K(304.2072), 9C(57.0215), 9K(304.2072), N-term(304.2072)		sp|Q14525|KT33B_HUMAN	1328409.7397	68529.3586	138133.9197	69340.4735	122092.8809	144644.6171	81997.4641	93043.6649	84410.0979	108860.3274	143359.3374	102994.5337	687904.3584	62909.5337	87050.0823	0.0000
contam_sp|Q14532|K1H2_HUMAN	Q14532	K1H2_HUMAN	KRT32	448	Homo sapiens	Keratin, type I cuticular Ha2	1:Experimental evidence at protein level	15.18	1.0000	0.9990	7	0	4	15	0	5	437725404	     0	437725404	N-term(304.2072)		sp|Q14532|K1H2_HUMAN	96454.5796	8709.7329	12703.5645	13222.0149	18166.0879	143834.5859	15989.8572	18873.1716	15831.9946	15808.8696	27720.9678	13420.8901	154933.1816	15930.2671	15397.6646	0.0000
contam_sp|Q3SZR3|A1AG_BOVIN	Q3SZR3	A1AG_BOVIN	ORM1	202	Bos taurus	Alpha-1-acid glycoprotein	2:Experimental evidence at transcript level	46.53	1.0000	0.9990	8	8	8	12	12	12	5653365	5653365	5653365	10K(304.2072), 15K(304.2072), 16K(304.2072), 18K(304.2072), 19C(57.0215), 19K(304.2072), 1C(57.0215), 24K(304.2072), 5K(304.2072), 7K(304.2072), 8K(304.2072), N-term(304.2072)			274473.6025	237594.5596	314188.2461	282089.8052	200856.8887	238733.4746	216768.1006	283727.4199	296125.4854	266974.6089	318847.1240	283937.0522	357696.2344	263237.8535	307316.0303	1196.7831
contam_sp|Q5D862|FILA2_HUMAN	Q5D862	FILA2_HUMAN	FLG2	2391	Homo sapiens	Filaggrin-2	1:Experimental evidence at protein level	1.80	1.0000	0.9989	4	0	4	4	0	4	2313235	     0	2313235	11K(304.2072), 12K(304.2072), 7K(304.2072), N-term(304.2072)		sp|Q5D862|FILA2_HUMAN	57227.7422	31074.5964	48850.6511	40185.6592	50412.2061	48738.4209	74702.1628	67844.7969	102472.3032	66966.9863	88611.2925	94162.7715	67396.1753	89292.4807	89653.7148	0.0000
contam_sp|Q7Z794|K2C1B_HUMAN	Q7Z794	K2C1B_HUMAN	KRT77	578	Homo sapiens	Keratin, type II cytoskeletal 1b	1:Experimental evidence at protein level	19.38	1.0000	0.9990	13	0	9	22	0	9	139281189	     0	139281189	10M(15.9949), 12K(304.2072), 2K(304.2072), 9K(304.2072), N-term(304.2072)		sp|Q7Z794|K2C1B_HUMAN	146118.3872	119225.2383	124259.4375	97613.7183	176987.9775	118651.8027	170849.0337	274183.4160	217441.9131	226205.3076	225562.4951	337763.9277	215860.0459	224187.9453	336795.6787	1237.2334
contam_sp|Q86YZ3|HORN_HUMAN	Q86YZ3	HORN_HUMAN	HRNR	2850	Homo sapiens	Hornerin	1:Experimental evidence at protein level	7.40	1.0000	0.9990	5	0	5	6	0	6	1966677	     0	1966677	N-term(304.2072)		sp|Q86YZ3|HORN_HUMAN	22831.9248	13509.7188	13482.9878	22779.7368	23550.4854	19339.2480	15615.5098	27059.5693	29604.3389	36180.7324	23445.9404	27012.4102	19328.4062	19137.7334	25536.2627	0.0000
contam_sp|Q8N1N4|K2C78_HUMAN	Q8N1N4	K2C78_HUMAN	KRT78	520	Homo sapiens	Keratin, type II cytoskeletal 78	1:Experimental evidence at protein level	24.62	1.0000	0.9990	12	0	9	14	0	9	35626455	     0	35626455	11K(304.2072), 12K(304.2072), 7K(304.2072), 8C(57.0215), 8K(304.2072), 9K(304.2072), N-term(304.2072)		sp|Q8N1N4|K2C78_HUMAN	174904.5547	149709.0171	156609.7522	135654.0779	204119.3936	150851.4736	222708.3735	294386.4971	247049.2837	308931.1816	296726.4185	420813.7910	256996.4492	228934.7520	347828.6206	1319.2754
sp|O00148|DX39A_HUMAN	O00148	DX39A_HUMAN	DDX39A	427	Homo sapiens	ATP-dependent RNA helicase DDX39A	1:Experimental evidence at protein level	4.92	1.0000	0.9989	2	0	2	2	0	2	1118345	     0	1118345	14K(304.2072), N-term(304.2072)		sp|Q13838|DX39B_HUMAN	60390.8867	35347.4170	50492.1543	25826.5859	16835.7549	18487.0864	19940.4307	25769.2559	30507.3213	24918.8027	30297.7021	21912.5771	16010.2480	12352.5088	18966.5928	1149.4647
sp|O00264|PGRC1_HUMAN	O00264	PGRC1_HUMAN	PGRMC1	195	Homo sapiens	Membrane-associated progesterone receptor component 1	1:Experimental evidence at protein level	31.79	1.0000	0.9990	6	6	6	9	9	9	3736377	3736377	3736377	1K(304.2072), 3M(15.9949), 8K(304.2072), N-term(304.2072)			368576.5664	286944.2773	351716.3398	190912.6719	169910.7568	167191.8281	205496.4102	235187.4023	218216.4297	260728.6562	208426.8984	246880.7520	160365.6523	128748.3457	160797.4385	8355.9929
sp|O14818|PSA7_HUMAN	O14818	PSA7_HUMAN	PSMA7	248	Homo sapiens	Proteasome subunit alpha type-7	1:Experimental evidence at protein level	9.68	1.0000	0.9866	2	1	2	3	2	3	895752	691044	895752	10K(304.2072), 9K(304.2072), N-term(304.2072)			91327.4912	74907.2129	89466.7480	53823.6704	80456.5254	50894.6099	68014.6504	67495.0654	63045.3643	70682.2832	58540.0449	74562.7334	46599.9399	42972.8701	40691.9868	0.0000
sp|O14979|HNRDL_HUMAN	O14979	HNRDL_HUMAN	HNRNPDL	420	Homo sapiens	Heterogeneous nuclear ribonucleoprotein D-like	1:Experimental evidence at protein level	7.38	1.0000	0.9980	3	2	2	3	2	2	1997765	1169085	1997765	14K(304.2072), 15K(304.2072), 3C(57.0215), N-term(304.2072)			75029.7520	54320.3613	64159.5449	37852.4121	38307.7676	38141.6914	42750.8613	39154.0312	37709.5527	50470.8047	46190.6113	39708.2422	29980.1953	28076.6836	33696.8809	0.0000
sp|O15075|DCLK1_HUMAN	O15075	DCLK1_HUMAN	DCLK1	740	Homo sapiens	Serine/threonine-protein kinase DCLK1	1:Experimental evidence at protein level	14.73	1.0000	0.9990	9	7	7	10	7	7	3272769	1760201	3272769	11K(304.2072), 12C(57.0215), 17K(304.2072), 3K(304.2072), 9K(304.2072), N-term(304.2072)			143714.5576	105147.5078	143913.4443	93693.5703	80241.7007	86068.4780	87614.7881	114659.6221	124483.9414	106889.4766	114872.2656	101403.6758	82210.1016	78841.5581	92594.6943	2792.2670
sp|O15347|HMGB3_HUMAN	O15347	HMGB3_HUMAN	HMGB3	200	Homo sapiens	High mobility group protein B3	1:Experimental evidence at protein level	7.00	1.0000	0.9990	2	2	2	2	2	2	611998	611998	611998	13K(304.2072), 14K(304.2072), N-term(304.2072)			46511.7793	38726.5771	38281.1543	47177.4043	42295.5918	43332.2920	34726.0273	38069.9189	42043.2344	43577.3213	35200.6670	37982.2852	43871.9707	37322.7812	40577.6133	0.0000
sp|O43175|SERA_HUMAN	O43175	SERA_HUMAN	PHGDH	533	Homo sapiens	D-3-phosphoglycerate dehydrogenase	1:Experimental evidence at protein level	6.00	1.0000	0.9990	3	3	3	3	3	3	1562806	1562806	1562806	10K(304.2072), 11K(304.2072), N-term(304.2072)			183115.8867	101231.0195	119769.1992	61587.4561	42658.4917	39305.2422	39015.6973	55503.2002	59190.6309	46799.1494	55441.3867	53596.1348	37251.6021	25717.7886	34270.1631	0.0000
sp|O43242|PSMD3_HUMAN	O43242	PSMD3_HUMAN	PSMD3	534	Homo sapiens	26S proteasome non-ATPase regulatory subunit 3	1:Experimental evidence at protein level	4.49	1.0000	0.9990	2	2	2	2	2	2	614047	614047	614047	11K(304.2072), 15K(304.2072), 9K(304.2072), N-term(304.2072)			76897.0195	40752.0098	69718.2617	55143.6094	44199.5117	48925.0215	38629.4785	43752.2695	48801.1895	45176.7441	48104.9473	53441.0469	44377.2617	36286.4492	56979.6367	2206.6721
sp|O43390|HNRPR_HUMAN	O43390	HNRPR_HUMAN	HNRNPR	633	Homo sapiens	Heterogeneous nuclear ribonucleoprotein R	1:Experimental evidence at protein level	27.65	1.0000	0.9990	17	12	17	19	14	19	7055922	4761648	7055922	10K(304.2072), 11K(304.2072), 12K(304.2072), 13K(304.2072), 1K(304.2072), 26K(304.2072), 2K(304.2072), 3C(57.0215), 3K(304.2072), 5C(57.0215), 6K(304.2072), 7K(304.2072), 8K(304.2072), 8M(15.9949), 9K(304.2072), N-term(304.2072)			463392.5596	286957.4453	445123.8276	332278.6758	300662.4683	347525.9102	340868.9131	350491.3496	410105.3169	370559.2158	379758.3271	351277.8677	289910.3679	275113.4158	312465.3584	0.0000
sp|O43556|SGCE_HUMAN	O43556	SGCE_HUMAN	SGCE	437	Homo sapiens	Epsilon-sarcoglycan	1:Experimental evidence at protein level	14.19	1.0000	0.9990	4	4	4	6	6	6	3929106	3929106	3929106	12K(304.2072), 19K(304.2072), N-term(304.2072)			36961.4241	47089.4023	57042.2476	12823.7712	15875.4061	14871.1085	95013.1699	122675.9521	128805.7969	94428.8899	100799.9336	87890.5955	16195.3027	11870.8218	11289.7480	0.0000
sp|O43602|DCX_HUMAN	O43602	DCX_HUMAN	DCX	365	Homo sapiens	Neuronal migration protein doublecortin	1:Experimental evidence at protein level	33.42	1.0000	0.9990	11	8	11	12	8	12	4894938	4834321	4894938	10K(304.2072), 11K(304.2072), 13C(57.0215), 17K(304.2072), 5M(15.9949), 6K(304.2072), 7K(304.2072), 9K(304.2072), N-term(304.2072)			397045.2568	251822.6885	402861.7100	213068.7529	189290.3120	193661.7026	240466.9951	211526.7178	264097.5996	284189.3096	250680.8540	233225.2183	164142.8369	150936.6592	168449.4148	3270.1273
sp|O43707|ACTN4_HUMAN	O43707	ACTN4_HUMAN	ACTN4	911	Homo sapiens	Alpha-actinin-4	1:Experimental evidence at protein level	6.04	1.0000	0.9988	5	3	5	6	3	6	932463	866833	932463	2M(15.9949), 6K(304.2072), 7K(304.2072), N-term(304.2072)			74663.3535	76966.6191	78758.8994	49018.9766	36253.2568	33951.6772	40954.6782	38505.6997	34774.5835	47681.4697	43698.7979	45628.0986	33223.0134	26834.9590	25991.0786	19430.2344
sp|O60218|AK1BA_HUMAN	O60218	AK1BA_HUMAN	AKR1B10	316	Homo sapiens	Aldo-keto reductase family 1 member B10	1:Experimental evidence at protein level	50.00	1.0000	0.9990	12	9	12	39	24	39	6522591	5345540	6522591	10C(57.0215), 11K(304.2072), 14K(304.2072), 16K(304.2072), 18K(304.2072), 20K(304.2072), 21K(304.2072), 2K(304.2072), 4C(57.0215), 4K(304.2072), 7K(304.2072), 8K(304.2072), 9K(304.2072), N-term(304.2072)			905704.4956	1022894.5605	839994.0781	853032.7993	799214.7393	838903.5054	700028.6299	648852.6880	919632.8906	1007463.9697	771319.0845	788266.0830	1034786.3052	995186.3574	661272.3887	567162.0879
sp|O60506|HNRPQ_HUMAN	O60506	HNRPQ_HUMAN	SYNCRIP	623	Homo sapiens	Heterogeneous nuclear ribonucleoprotein Q	1:Experimental evidence at protein level	24.72	1.0000	0.9990	12	7	7	12	7	7	5839035	2157856	5839035	13K(304.2072), 17K(304.2072), 21K(304.2072), 2K(304.2072), 4K(304.2072), 6K(304.2072), 7K(304.2072), N-term(304.2072)			82856.0801	55668.0051	90059.0181	54075.7825	45476.8640	58307.1533	56171.2422	68065.5107	66927.2500	77387.2876	69205.3096	75130.2651	47207.0986	55381.7886	55447.7632	4045.5846
sp|O60701|UGDH_HUMAN	O60701	UGDH_HUMAN	UGDH	494	Homo sapiens	UDP-glucose 6-dehydrogenase	1:Experimental evidence at protein level	9.31	1.0000	0.9990	2	2	2	7	7	7	734440	734440	734440	13K(304.2072), 27K(304.2072), 9C(57.0215), N-term(304.2072)			106779.1729	105671.3633	91073.6631	96168.9771	84032.5391	85833.6108	82848.7466	77432.9170	97309.6650	104524.2451	97015.5273	93647.5195	105797.1484	109721.0723	72890.8252	74126.7554
sp|O60814|H2B1K_HUMAN	O60814	H2B1K_HUMAN	H2BC12	126	Homo sapiens	Histone H2B type 1-K	1:Experimental evidence at protein level	53.17	1.0000	0.9990	8	0	8	25	0	25	224021904	     0	224021904	10K(304.2072), 11K(304.2072), 1K(304.2072), 2M(15.9949), 5M(15.9949), 8K(304.2072), 9K(304.2072), N-term(304.2072)		sp|P57053|H2BFS_HUMAN, sp|P58876|H2B1D_HUMAN, sp|P62807|H2B1C_HUMAN, sp|Q5QNW6|H2B2F_HUMAN, sp|Q93079|H2B1H_HUMAN, sp|Q99877|H2B1N_HUMAN, sp|Q99879|H2B1M_HUMAN	2583015.6270	1341248.1255	1712959.3955	1051068.3594	984707.9126	969960.1875	833239.7314	830255.4731	1153675.9951	897518.3291	948368.1914	843650.7773	609702.9819	453630.3914	708390.3828	13010.4746
sp|O75083|WDR1_HUMAN	O75083	WDR1_HUMAN	WDR1	606	Homo sapiens	WD repeat-containing protein 1	1:Experimental evidence at protein level	4.95	1.0000	0.9945	3	3	3	3	3	3	1162631	1162631	1162631	11K(304.2072), 2K(304.2072), 8K(304.2072), N-term(304.2072)			95454.0664	75528.3203	97030.8359	43195.1738	33605.0068	34293.6191	39641.5469	40076.8086	43446.8809	46989.6094	40069.8945	44110.3516	28125.0312	29941.3848	31031.1143	1424.4022
sp|O75367|H2AY_HUMAN	O75367	H2AY_HUMAN	MACROH2A1	369	Homo sapiens	Core histone macro-H2A.1	1:Experimental evidence at protein level	36.59	1.0000	0.9990	12	10	12	16	12	16	14933326	9654282	14933326	10K(304.2072), 12K(304.2072), 13K(304.2072), 14K(304.2072), 17K(304.2072), 1K(304.2072), 20K(304.2072), 22K(304.2072), 2C(57.0215), 2K(304.2072), 4K(304.2072), 7K(304.2072), 9K(304.2072), N-term(304.2072)			905749.2603	493327.1675	726316.1289	560047.5703	501599.7812	503016.0078	326215.9629	335743.8618	454748.8301	323901.7764	395205.4312	332428.0049	348669.7534	274874.8010	442590.1279	2922.5524
sp|O75390|CISY_HUMAN	O75390	CISY_HUMAN	CS	466	Homo sapiens	Citrate synthase, mitochondrial	1:Experimental evidence at protein level	15.45	1.0000	0.9990	5	5	5	5	5	5	2693107	2693107	2693107	17K(304.2072), 2K(304.2072), 30K(304.2072), 7C(57.0215), 7K(304.2072), 7M(15.9949), 9K(304.2072), N-term(304.2072)			136555.3691	94143.9673	141563.4639	77488.3242	55893.6138	65280.5591	83696.5825	109803.7617	121212.7676	105038.0527	126159.6318	99425.5010	60592.0977	55926.9360	52639.5942	16629.4867
sp|O75396|SC22B_HUMAN	O75396	SC22B_HUMAN	SEC22B	215	Homo sapiens	Vesicle-trafficking protein SEC22b	1:Experimental evidence at protein level	11.16	1.0000	0.9990	2	2	2	2	2	2	666709	666709	666709	10K(304.2072), N-term(304.2072)			74702.5059	43147.0781	58777.0566	25299.7207	18971.4150	21652.6162	28681.3545	32245.1836	34474.2666	31742.8789	33113.0850	34423.5898	23913.8027	23732.7432	23994.7383	1420.0931
sp|O75531|BAF_HUMAN	O75531	BAF_HUMAN	BANF1	89	Homo sapiens	Barrier-to-autointegration factor	1:Experimental evidence at protein level	26.97	1.0000	0.9990	1	1	1	2	2	2	586612	586612	586612	10K(304.2072), 24K(304.2072), 7M(15.9949), N-term(304.2072)			15560.8306	12414.0923	18283.9448	25155.7734	19172.9424	20588.3691	9209.5251	13790.2700	12828.8687	9363.6902	16360.0708	13129.0696	10172.7827	3801.8403	12006.6917	0.0000
sp|O75746|S2512_HUMAN	O75746	S2512_HUMAN	SLC25A12	678	Homo sapiens	Electrogenic aspartate/glutamate antiporter SLC25A12, mitochondrial	1:Experimental evidence at protein level	6.78	1.0000	0.9990	4	4	4	4	4	4	1350658	1350658	1350658	12K(304.2072), 2K(304.2072), N-term(304.2072)			33352.5894	36133.5708	51431.6450	36525.4473	37528.5708	37208.8337	71103.1240	58539.0762	59846.2944	81305.4766	59040.4521	64238.8076	30877.1670	28143.6394	28131.4868	1559.2759
sp|O75874|IDHC_HUMAN	O75874	IDHC_HUMAN	IDH1	414	Homo sapiens	Isocitrate dehydrogenase [NADP] cytoplasmic	1:Experimental evidence at protein level	21.26	1.0000	0.9987	6	4	4	6	4	4	2542116	1578705	2542116	11K(304.2072), 13K(304.2072), 16K(304.2072), 17K(304.2072), 2K(304.2072), 31K(304.2072), 7K(304.2072), 9K(304.2072), N-term(304.2072)			118602.1533	67022.3271	81981.5010	46881.3564	37189.2450	38856.6279	42182.0381	48531.9048	49045.2256	51814.8213	52195.4941	50037.5747	42462.0857	39699.6729	36518.3770	12218.1631
sp|O75964|ATP5L_HUMAN	O75964	ATP5L_HUMAN	ATP5MG	103	Homo sapiens	ATP synthase subunit g, mitochondrial	1:Experimental evidence at protein level	37.86	1.0000	0.9990	3	3	3	5	5	5	2594311	2594311	2594311	11K(304.2072), 13K(304.2072), N-term(304.2072)			113719.3975	53208.3833	105125.8672	49386.1743	39597.6050	49583.5649	75832.2109	91168.8184	115698.8984	87540.5410	112829.3574	90560.2627	42113.9609	41624.1001	45420.1362	0.0000
sp|O94905|ERLN2_HUMAN	O94905	ERLN2_HUMAN	ERLIN2	339	Homo sapiens	Erlin-2	1:Experimental evidence at protein level	7.67	1.0000	0.9990	3	2	3	3	2	3	1065519	571135	1065519	12K(304.2072), 7K(304.2072), N-term(304.2072)			131408.4336	89221.8896	100615.5117	67204.1338	46761.5298	42003.4873	55008.6860	56355.3975	59227.6504	50555.4551	54860.9863	54474.7383	34325.2837	27303.2144	31387.2266	1362.3258
sp|O95831|AIFM1_HUMAN	O95831	AIFM1_HUMAN	AIFM1	613	Homo sapiens	Apoptosis-inducing factor 1, mitochondrial	1:Experimental evidence at protein level	3.59	1.0000	0.9989	2	2	2	2	2	2	660699	660699	660699	11K(304.2072), N-term(304.2072)			55153.8535	41348.9834	48557.8301	28946.1953	18887.6733	22896.5293	28577.0918	25616.3018	30464.8574	33931.5225	28186.7314	30989.4014	14264.1821	13962.5366	13962.3276	0.0000
sp|O95864|FADS2_HUMAN	O95864	FADS2_HUMAN	FADS2	444	Homo sapiens	Acyl-CoA 6-desaturase	1:Experimental evidence at protein level	5.86	1.0000	0.9989	2	2	2	3	3	3	539529	539529	539529	11K(304.2072), N-term(304.2072)			48057.1895	29092.1885	36516.8828	27379.0024	22265.1675	28910.4355	20128.9097	27259.6582	22801.5933	23510.8604	22111.9688	23541.2075	22087.9922	18703.8220	25435.5308	1192.6799
sp|P00338|LDHA_HUMAN	P00338	LDHA_HUMAN	LDHA	332	Homo sapiens	L-lactate dehydrogenase A chain	1:Experimental evidence at protein level	22.59	1.0000	0.9990	5	4	5	11	10	11	2002493	2002493	2002493	15C(57.0215), 17K(304.2072), 27K(304.2072), 3M(15.9949), 4M(15.9949), 6K(304.2072), 8K(304.2072), N-term(304.2072)			123184.9556	130538.0093	110140.1406	97410.4160	99847.7939	99849.2046	97921.4795	98705.3074	111662.7920	137533.4229	104883.5317	116887.1372	135220.4028	116567.0293	78420.9036	51680.1451
sp|P00352|AL1A1_HUMAN	P00352	AL1A1_HUMAN	ALDH1A1	501	Homo sapiens	Aldehyde dehydrogenase 1A1	1:Experimental evidence at protein level	49.10	1.0000	0.9990	17	15	17	56	48	56	3152874	2749108	3152874	10K(304.2072), 11K(304.2072), 13C(57.0215), 14K(304.2072), 14M(15.9949), 15K(304.2072), 16K(304.2072), 16M(15.9949), 19K(304.2072), 1K(304.2072), 20K(304.2072), 24K(304.2072), 25K(304.2072), 29C(57.0215), 30C(57.0215), 31K(304.2072), 3C(57.0215), 3K(304.2072), 7C(57.0215), 8K(304.2072), 9K(304.2072), N-term(304.2072), N-term(42.0106)			787535.4946	881511.8398	622599.7458	654535.1504	688120.2690	730876.2148	621544.0178	571876.4683	736333.9985	821564.0815	607201.9019	663770.4265	767653.8652	722836.3569	477943.3245	302783.2510
sp|P00367|DHE3_HUMAN	P00367	DHE3_HUMAN	GLUD1	558	Homo sapiens	Glutamate dehydrogenase 1, mitochondrial	1:Experimental evidence at protein level	24.19	1.0000	0.9990	9	5	9	11	6	11	2272965	2247920	2272965	11K(304.2072), 12K(304.2072), 13C(57.0215), 16K(304.2072), 18M(15.9949), 1C(57.0215), 23K(304.2072), 2K(304.2072), 6M(15.9949), 7K(304.2072), 8K(304.2072), 9K(304.2072), N-term(304.2072)			314897.1655	252219.0859	307793.6260	153093.5098	108454.8279	118794.1113	196695.2471	199179.1128	223429.2812	222657.7832	227158.3730	232371.5605	130452.0269	101662.0898	112538.0613	1098.6777
sp|P00387|NB5R3_HUMAN	P00387	NB5R3_HUMAN	CYB5R3	301	Homo sapiens	NADH-cytochrome b5 reductase 3	1:Experimental evidence at protein level	13.29	1.0000	0.9990	3	3	3	6	6	6	2712749	2712749	2712749	11K(304.2072), 13K(304.2072), N-term(304.2072)			244563.3193	135403.6133	253566.4180	105750.0063	93275.9277	93458.4534	132436.5200	145240.5068	166601.1270	159642.0645	142828.9414	140403.2871	77981.9907	65159.9424	67643.4521	0.0000
sp|P00558|PGK1_HUMAN	P00558	PGK1_HUMAN	PGK1	417	Homo sapiens	Phosphoglycerate kinase 1	1:Experimental evidence at protein level	35.97	1.0000	0.9990	11	10	11	15	13	15	5515097	3481207	5515097	12K(304.2072), 15K(304.2072), 17K(304.2072), 18K(304.2072), 2C(57.0215), 5M(15.9949), 6K(304.2072), 7K(304.2072), 7M(15.9949), 8C(57.0215), 8K(304.2072), N-term(304.2072)			530099.7676	359586.5742	396437.8828	213285.9248	155693.5327	192254.8662	276958.5879	280473.6377	308534.6240	326624.9238	303930.6929	290854.9375	184206.9766	172355.5527	176277.2070	13707.8274
sp|P00966|ASSY_HUMAN	P00966	ASSY_HUMAN	ASS1	412	Homo sapiens	Argininosuccinate synthase	1:Experimental evidence at protein level	10.44	1.0000	0.9978	5	5	5	11	11	11	1849658	1849658	1849658	11K(304.2072), 8K(304.2072), 9K(304.2072), N-term(304.2072)			129234.2568	119633.3975	159136.2031	134539.7563	159545.7949	150396.3584	138470.6123	146968.4775	142661.9219	138250.1367	144345.1152	155576.1787	159934.5552	135181.0371	112617.7031	92725.6544
sp|P01040|CYTA_HUMAN	P01040	CYTA_HUMAN	CSTA	98	Homo sapiens	Cystatin-A	1:Experimental evidence at protein level	72.45	1.0000	0.9990	5	5	5	5	5	5	4173696	4173696	4173696	10K(304.2072), 12K(304.2072), 14K(304.2072), 18K(304.2072), 20K(304.2072), 2K(304.2072), 5K(304.2072), 7K(304.2072), 7M(15.9949), 8K(304.2072), N-term(304.2072)			76113.3623	82075.0400	106366.2969	78150.7871	128027.7969	87976.2422	81806.2451	142744.1758	148107.6426	126954.9766	125760.2598	145494.6816	109342.3887	96142.3418	121468.8477	0.0000
sp|P01116|RASK_HUMAN	P01116	RASK_HUMAN	KRAS	189	Homo sapiens	GTPase KRas	1:Experimental evidence at protein level	33.86	1.0000	0.9990	4	1	4	6	2	6	1639990	220982	1639990	11K(304.2072), 15K(304.2072), 16C(57.0215), 2K(304.2072), 9M(15.9949), N-term(304.2072)			88261.1465	74766.2229	89099.3203	69834.9805	64455.3574	77213.3174	95461.7856	84199.1382	91577.2368	106461.3374	83684.0103	87294.9131	69504.6528	52377.8215	63216.0779	0.0000
sp|P01857|IGHG1_HUMAN	P01857	IGHG1_HUMAN	IGHG1	330	Homo sapiens	Immunoglobulin heavy constant gamma 1	1:Experimental evidence at protein level	4.55	1.0000	0.9941	2	0	2	11	0	11	9833022	     0	9833022	4M(15.9949), 8K(304.2072), N-term(304.2072)		sp|P01860|IGHG3_HUMAN	241750.4180	251930.7441	272494.4102	267390.6055	256581.9668	287243.5391	316014.5859	278578.3633	341513.6133	318937.6133	271713.4375	308943.7559	87233.2690	89047.4136	89370.7378	0.0000
sp|P02545|LMNA_HUMAN	P02545	LMNA_HUMAN	LMNA	664	Homo sapiens	Prelamin-A/C	1:Experimental evidence at protein level	5.72	1.0000	0.9990	3	3	3	3	3	3	1516396	1516396	1516396	4K(304.2072), N-term(304.2072)			112533.8652	96812.7188	81037.3457	26821.8394	26751.7456	21630.6980	26666.9658	31639.1001	27296.7720	31690.8550	26644.3628	34787.9331	21947.2869	15297.0520	18824.0244	0.0000
sp|P02751|FINC_HUMAN	P02751	FINC_HUMAN	FN1	2477	Homo sapiens	Fibronectin	1:Experimental evidence at protein level	3.03	1.0000	0.9990	5	5	5	5	5	5	2145990	2145990	2145990	10K(304.2072), 14K(304.2072), 2K(304.2072), N-term(304.2072)			184824.0566	145135.6006	210020.2734	28843.3279	31224.9834	28297.3074	30616.8174	32438.7808	27161.8960	25387.4531	26735.5916	29653.0427	20756.9773	16841.3578	21279.1760	0.0000
sp|P04040|CATA_HUMAN	P04040	CATA_HUMAN	CAT	527	Homo sapiens	Catalase	1:Experimental evidence at protein level	3.80	1.0000	0.9990	2	2	2	3	3	3	796236	796236	796236	7K(304.2072), N-term(304.2072)			46180.8906	30269.0391	39011.4043	27247.7842	34794.2266	31580.9805	35412.0508	51236.4375	47500.4482	47554.9795	47457.5488	53560.7109	34156.7803	32462.7832	36671.2949	6398.9980
sp|P04075|ALDOA_HUMAN	P04075	ALDOA_HUMAN	ALDOA	364	Homo sapiens	Fructose-bisphosphate aldolase A	1:Experimental evidence at protein level	35.44	1.0000	0.9990	11	10	11	14	13	14	6477480	6477480	6477480	10K(304.2072), 11K(304.2072), 12K(304.2072), 12M(15.9949), 14K(304.2072), 7K(304.2072), 8C(57.0215), 8K(304.2072), N-term(304.2072)			343636.8145	218946.0371	254003.2334	136570.5508	125645.5425	121507.9956	193281.2461	206576.4609	225946.8779	225315.1162	205914.5811	211534.5298	146511.2256	128508.7246	137969.7915	11924.4384
sp|P04083|ANXA1_HUMAN	P04083	ANXA1_HUMAN	ANXA1	346	Homo sapiens	Annexin A1	1:Experimental evidence at protein level	27.17	1.0000	0.9990	6	6	6	15	15	15	2054496	2054496	2054496	15K(304.2072), 16K(304.2072), 17K(304.2072), 1C(57.0215), 24K(304.2072), 4K(304.2072), 7K(304.2072), 9K(304.2072), N-term(304.2072)			174483.0703	192114.1313	217356.8628	191638.1953	151014.8320	143155.0039	137936.6172	142080.5378	160767.6418	165364.2539	177941.9246	194198.4360	188387.1919	169971.6914	130828.5444	101179.9518
sp|P04406|G3P_HUMAN	P04406	G3P_HUMAN	GAPDH	335	Homo sapiens	Glyceraldehyde-3-phosphate dehydrogenase	1:Experimental evidence at protein level	77.01	1.0000	0.9990	22	13	21	111	79	108	24495180	17287496	24495180	10K(304.2072), 11C(57.0215), 11K(304.2072), 12K(304.2072), 12M(15.9949), 13C(57.0215), 13M(15.9949), 15K(304.2072), 15M(15.9949), 16M(15.9949), 17K(304.2072), 19M(15.9949), 21K(304.2072), 21M(15.9949), 23K(304.2072), 24K(304.2072), 27K(304.2072), 28K(304.2072), 2K(304.2072), 3K(304.2072), 5K(304.2072), 5M(15.9949), 6K(304.2072), 7C(57.0215), 8K(304.2072), 8M(15.9949), N-term(304.2072)			3406366.9500	2876598.4788	3029791.2629	2085731.7947	2006003.9341	2102832.4763	2272007.2637	2413726.7898	2736464.5771	2842073.5576	2337596.8367	2529516.9680	2145099.0811	1917819.9994	1624163.7566	674064.3916
sp|P04792|HSPB1_HUMAN	P04792	HSPB1_HUMAN	HSPB1	205	Homo sapiens	Heat shock protein beta-1	1:Experimental evidence at protein level	23.41	1.0000	0.9990	3	3	3	3	3	3	6925298	6925298	6925298	10K(304.2072), 11K(304.2072), 16K(304.2072), 17K(304.2072), 2K(304.2072), N-term(304.2072)			84058.5957	106994.6113	89255.3203	41416.9248	45344.9189	32691.9380	29350.4263	36254.9077	30955.2280	36247.7119	36551.1118	51840.4189	29846.3906	23768.4004	39632.1738	0.0000
sp|P04843|RPN1_HUMAN	P04843	RPN1_HUMAN	RPN1	607	Homo sapiens	Dolichyl-diphosphooligosaccharide--protein glycosyltransferase subunit 1	1:Experimental evidence at protein level	9.23	1.0000	0.9990	5	5	5	5	5	5	1384359	1384359	1384359	11K(304.2072), 17K(304.2072), 8K(304.2072), N-term(304.2072)			178497.7002	88429.5479	153154.9375	63315.1626	48752.7419	53116.3066	57677.4287	75430.1978	76040.7578	70220.4639	78147.8965	69666.6929	47578.5676	36339.9534	42662.6284	0.0000
sp|P04899|GNAI2_HUMAN	P04899	GNAI2_HUMAN	GNAI2	355	Homo sapiens	Guanine nucleotide-binding protein G(i) subunit alpha-2	1:Experimental evidence at protein level	12.11	1.0000	0.9989	3	2	2	3	2	2	4746565	1603405	4746565	N-term(304.2072)			55591.2285	50063.7227	51749.9199	26450.2275	19865.1582	19467.1904	21774.3779	25716.2793	25861.2686	25938.8535	31434.8379	26764.8154	15269.6807	11939.0889	14450.1953	0.0000
sp|P04908|H2A1B_HUMAN	P04908	H2A1B_HUMAN	H2AC8	130	Homo sapiens	Histone H2A type 1-B/E	1:Experimental evidence at protein level	35.38	1.0000	0.9990	6	0	1	18	0	2	190336790	     0	190336790	7K(304.2072), N-term(304.2072)		sp|Q7L7L0|H2A3_HUMAN, sp|Q93077|H2A1C_HUMAN	310763.8555	117207.2188	263890.5703	157002.3750	108486.3457	144074.3809	89375.8320	106627.9014	166102.1172	94361.8867	142866.9102	107137.2773	109023.9062	76948.2695	131937.6387	0.0000
sp|P05141|ADT2_HUMAN	P05141	ADT2_HUMAN	SLC25A5	298	Homo sapiens	ADP/ATP translocase 2	1:Experimental evidence at protein level	34.90	1.0000	0.9990	11	4	11	19	5	19	16517973	3673946	16517973	10K(304.2072), 13C(57.0215), 15K(304.2072), 16K(304.2072), 1K(304.2072), 22K(304.2072), 2M(15.9949), 5C(57.0215), 6M(15.9949), 7K(304.2072), 8K(304.2072), 9K(304.2072), N-term(304.2072), N-term(42.0106)			474645.0479	318878.2109	478746.2471	361500.2959	307733.1060	326649.3447	376485.6133	403679.7900	514547.6670	422371.6729	468602.4043	405494.4258	350112.1152	313334.4185	339398.7144	82513.5804
sp|P05165|PCCA_HUMAN	P05165	PCCA_HUMAN	PCCA	728	Homo sapiens	Propionyl-CoA carboxylase alpha chain, mitochondrial	1:Experimental evidence at protein level	65.80	1.0000	0.9990	47	47	47	112	112	112	222706348	222706348	222706348	10C(57.0215), 10K(304.2072), 11K(304.2072), 12K(304.2072), 13K(304.2072), 14K(304.2072), 14M(15.9949), 15K(304.2072), 16K(304.2072), 17K(304.2072), 18M(15.9949), 19K(304.2072), 1C(57.0215), 1K(304.2072), 20M(15.9949), 21K(304.2072), 23K(304.2072), 25K(304.2072), 27K(304.2072), 2M(15.9949), 3K(304.2072), 4C(57.0215), 4K(304.2072), 5K(304.2072), 5M(15.9949), 6M(15.9949), 7C(57.0215), 7K(304.2072), 7M(15.9949), 8C(57.0215), 8K(304.2072), 8M(15.9949), 9K(304.2072), 9M(15.9949), N-term(304.2072)			6318790.1196	3585698.4138	6304614.2510	2647995.6118	2330795.9042	2819071.8770	5750508.9443	7462481.5718	7697496.8945	6967137.9619	7011657.0049	6512733.1338	2383045.4709	1804630.2469	2495164.5176	14612.9808
sp|P05166|PCCB_HUMAN	P05166	PCCB_HUMAN	PCCB	539	Homo sapiens	Propionyl-CoA carboxylase beta chain, mitochondrial	1:Experimental evidence at protein level	23.93	1.0000	0.9990	10	10	10	10	10	10	6342538	6342538	6342538	10K(304.2072), 13K(304.2072), 14K(304.2072), 15M(15.9949), 16K(304.2072), 5C(57.0215), 8K(304.2072), N-term(304.2072)			181222.5356	128950.9868	179474.7810	92066.5933	97429.4910	102318.2441	299107.3809	276025.1045	259001.4077	350263.2168	248119.4165	272970.1025	84576.3037	69334.0850	83314.6301	0.0000
sp|P06576|ATPB_HUMAN	P06576	ATPB_HUMAN	ATP5F1B	529	Homo sapiens	ATP synthase subunit beta, mitochondrial	1:Experimental evidence at protein level	75.99	1.0000	0.9990	24	24	24	41	41	41	10589669	10589669	10589669	10K(304.2072), 11K(304.2072), 11M(15.9949), 13K(304.2072), 15M(15.9949), 16K(304.2072), 16M(15.9949), 18K(304.2072), 18M(15.9949), 19K(304.2072), 1K(304.2072), 20M(15.9949), 27K(304.2072), 2M(15.9949), 30K(304.2072), 4M(15.9949), 5K(304.2072), 5M(15.9949), 8M(15.9949), 9K(304.2072), 9M(15.9949), N-term(304.2072)			840885.7861	788021.2485	882621.0859	492614.8928	411334.4102	389305.7051	565569.1133	578724.0642	607753.4351	685997.6465	556118.1438	658493.8667	328813.2825	309416.8484	296084.1134	53839.6493
sp|P06702|S10A9_HUMAN	P06702	S10A9_HUMAN	S100A9	114	Homo sapiens	Protein S100-A9	1:Experimental evidence at protein level	37.72	1.0000	0.9990	4	4	4	5	5	5	2901556	2901556	2901556	13K(304.2072), 15K(304.2072), 7K(304.2072), 8K(304.2072), N-term(304.2072)			90797.1182	51280.3101	79418.6357	63854.8633	126298.1543	84712.6514	117222.2881	161373.0938	156251.1680	135299.0938	153580.0645	171465.2031	111042.3213	135522.8955	136957.3242	5399.2347
sp|P06733|ENOA_HUMAN	P06733	ENOA_HUMAN	ENO1	434	Homo sapiens	Alpha-enolase	1:Experimental evidence at protein level	50.69	1.0000	0.9990	18	15	18	36	32	36	9766366	9766366	9766366	10K(304.2072), 11M(15.9949), 12K(304.2072), 13K(304.2072), 14C(57.0215), 15K(304.2072), 17C(57.0215), 22K(304.2072), 25K(304.2072), 29K(304.2072), 2C(57.0215), 3K(304.2072), 3M(15.9949), 4C(57.0215), 4K(304.2072), 6K(304.2072), 7K(304.2072), 7M(15.9949), 8K(304.2072), 9K(304.2072), N-term(304.2072)			1807948.4976	1326690.7139	1088556.8921	674194.6301	569070.1868	554357.6021	518244.9194	593701.2476	646161.1318	725937.6772	601461.1741	633650.4531	612833.6187	559009.1448	444222.5784	206994.8245
sp|P06744|G6PI_HUMAN	P06744	G6PI_HUMAN	GPI	558	Homo sapiens	Glucose-6-phosphate isomerase	1:Experimental evidence at protein level	8.42	1.0000	0.9990	3	1	3	3	1	3	931548	234383	931548	14M(15.9949), 15K(304.2072), 17K(304.2072), N-term(304.2072)			49612.4561	41031.6084	45348.9834	32574.7275	33184.9971	38650.6709	33110.3652	38287.4531	43629.0186	41192.4414	38027.4771	39939.7124	40815.1519	35909.6602	28987.6138	10145.9600
sp|P06748|NPM_HUMAN	P06748	NPM_HUMAN	NPM1	294	Homo sapiens	Nucleophosmin	1:Experimental evidence at protein level	11.90	1.0000	0.9990	3	2	3	5	4	5	1715711	1467789	1715711	3K(304.2072), 7K(304.2072), 8K(304.2072), N-term(304.2072)			124460.2861	110630.9795	129063.9766	99292.3008	93095.8032	92457.9717	99238.7041	112051.4990	104548.6729	118461.1719	120721.5439	111065.9414	81732.7524	80644.8931	71035.0410	29169.8345
sp|P06753|TPM3_HUMAN	P06753	TPM3_HUMAN	TPM3	285	Homo sapiens	Tropomyosin alpha-3 chain	1:Experimental evidence at protein level	7.37	1.0000	0.9987	3	0	3	5	0	5	1540805	     0	1540805	7K(304.2072), N-term(304.2072)		sp|P07951|TPM2_HUMAN, sp|P09493|TPM1_HUMAN, sp|P67936|TPM4_HUMAN	65192.4355	73360.1777	77549.2354	68879.9448	71485.5615	73256.7129	65493.6821	65266.4883	73411.5938	83373.9932	83146.5850	94496.5127	72873.8682	69136.4082	63809.4922	20970.4150
sp|P07195|LDHB_HUMAN	P07195	LDHB_HUMAN	LDHB	334	Homo sapiens	L-lactate dehydrogenase B chain	1:Experimental evidence at protein level	31.74	1.0000	0.9990	10	10	10	17	17	17	7313281	7313281	7313281	10K(304.2072), 11K(304.2072), 13C(57.0215), 13K(304.2072), 14K(304.2072), 15C(57.0215), 20K(304.2072), 2K(304.2072), 5K(304.2072), 8K(304.2072), 9K(304.2072), N-term(304.2072)			755268.3286	568359.2012	502677.4084	396741.0190	318709.6157	326204.5200	381815.7598	403521.0989	404263.3384	466470.0508	391814.6860	410345.8008	332379.6318	306152.9341	283589.8940	82797.7865
sp|P07237|PDIA1_HUMAN	P07237	PDIA1_HUMAN	P4HB	508	Homo sapiens	Protein disulfide-isomerase	1:Experimental evidence at protein level	7.68	1.0000	0.9990	3	3	3	3	3	3	1354241	1354241	1354241	15K(304.2072), 6K(304.2072), N-term(304.2072)			75691.2148	42662.2588	49241.0596	16711.8369	11679.2334	14463.5229	12668.2153	16567.6455	19147.8389	14309.7271	15929.0752	15120.5322	8931.3027	11217.4800	8888.0923	0.0000
sp|P07305|H10_HUMAN	P07305	H10_HUMAN	H1-0	194	Homo sapiens	Histone H1.0	1:Experimental evidence at protein level	13.92	1.0000	0.9979	3	3	3	4	4	4	9039739	9039739	9039739	10K(304.2072), 8K(304.2072), N-term(304.2072)			183515.9492	120756.8262	282093.8789	228814.7070	184674.0547	203899.1445	174706.2070	201421.6406	322945.1055	154491.7500	357006.2852	257883.3281	239371.3320	210504.0234	285491.0312	2766.7092
sp|P07339|CATD_HUMAN	P07339	CATD_HUMAN	CTSD	412	Homo sapiens	Cathepsin D	1:Experimental evidence at protein level	11.65	1.0000	0.9990	4	4	4	4	4	4	2033055	2033055	2033055	18K(304.2072), 7M(15.9949), 8K(304.2072), N-term(304.2072)			106635.5801	82971.1641	96927.5156	42386.6436	45324.6738	40332.9717	40058.2646	56584.4463	51618.7090	68012.4551	50063.4053	71080.2500	41580.1074	37173.5967	46173.5801	0.0000
sp|P07355|ANXA2_HUMAN	P07355	ANXA2_HUMAN	ANXA2	339	Homo sapiens	Annexin A2	1:Experimental evidence at protein level	63.72	1.0000	0.9990	21	7	21	42	14	42	4795458	3377940	4795458	11K(304.2072), 13C(57.0215), 14C(57.0215), 16K(304.2072), 17K(304.2072), 18K(304.2072), 2K(304.2072), 2M(15.9949), 5K(304.2072), 5M(15.9949), 7K(304.2072), 8C(57.0215), 8K(304.2072), 9K(304.2072), N-term(304.2072), N-term(42.0106)			1112867.8882	982546.8403	1111597.4087	713079.1836	627673.7817	626937.3203	596365.3730	633352.7981	656914.9585	718492.3218	638163.6777	756445.1611	655206.7305	564630.0186	575179.6533	208047.3703
sp|P07437|TBB5_HUMAN	P07437	TBB5_HUMAN	TUBB	444	Homo sapiens	Tubulin beta chain	1:Experimental evidence at protein level	50.23	1.0000	0.9990	21	3	7	58	6	15	61638482	14968718	61638482	10M(15.9949), 12K(304.2072), 15K(304.2072), 18K(304.2072), 20K(304.2072), 25M(15.9949), 32K(304.2072), 5C(57.0215), 7C(57.0215), 8M(15.9949), N-term(304.2072)			428005.5300	539720.4133	430445.5493	244586.5044	210769.8813	166852.6289	232549.8545	193906.3716	201910.3022	254569.9893	196465.7661	215224.1836	103481.0004	98161.5520	106287.6423	7206.3000
sp|P07737|PROF1_HUMAN	P07737	PROF1_HUMAN	PFN1	140	Homo sapiens	Profilin-1	1:Experimental evidence at protein level	38.57	1.0000	0.9990	4	3	4	10	9	10	1950593	1874952	1950593	11M(15.9949), 14K(304.2072), 16K(304.2072), 6M(15.9949), 8K(304.2072), N-term(304.2072)			188036.2839	178018.3430	150460.8784	101846.6804	93625.9192	99401.2612	108878.0332	118534.9202	107633.9478	132215.6885	107818.4277	119124.6960	78538.6353	70936.7141	68314.2625	7946.6199
sp|P07900|HS90A_HUMAN	P07900	HS90A_HUMAN	HSP90AA1	732	Homo sapiens	Heat shock protein HSP 90-alpha	1:Experimental evidence at protein level	34.56	1.0000	0.9990	24	1	15	50	2	35	10517072	640062	10517072	10K(304.2072), 12K(304.2072), 15K(304.2072), 1K(304.2072), 7C(57.0215), 7K(304.2072), N-term(304.2072)			800600.4043	544517.2778	684067.5391	476930.3926	353429.4714	354293.9646	404973.9116	452368.8755	459747.3818	458788.9497	474362.3225	458048.3369	401725.5946	356963.0989	328356.8101	166820.6334
sp|P07942|LAMB1_HUMAN	P07942	LAMB1_HUMAN	LAMB1	1786	Homo sapiens	Laminin subunit beta-1	1:Experimental evidence at protein level	4.26	1.0000	0.9990	10	10	10	10	10	10	3607934	3607934	3607934	13K(304.2072), 1K(304.2072), 6C(57.0215), 7C(57.0215), 7K(304.2072), 8K(304.2072), 9K(304.2072), N-term(304.2072)			233124.7002	164926.1240	310291.7598	95971.2124	88640.2649	87888.2422	310472.2559	263767.7305	280777.2959	261879.0166	202819.1465	209746.6855	123332.5654	130310.6396	89680.2368	3158.9189
sp|P07954|FUMH_HUMAN	P07954	FUMH_HUMAN	FH	510	Homo sapiens	Fumarate hydratase, mitochondrial	1:Experimental evidence at protein level	8.63	1.0000	0.9990	3	3	3	3	3	3	1264374	1264374	1264374	10K(304.2072), 14K(304.2072), 15K(304.2072), 6K(304.2072), N-term(304.2072)			32276.4932	28329.5078	26370.2676	13418.7007	12004.3696	10779.4043	19532.9858	22221.3730	19143.2861	19978.6729	19054.3281	23326.0020	9488.7974	7286.0972	7411.7146	0.0000
sp|P08237|PFKAM_HUMAN	P08237	PFKAM_HUMAN	PFKM	780	Homo sapiens	ATP-dependent 6-phosphofructokinase, muscle type	1:Experimental evidence at protein level	3.59	1.0000	0.9990	3	3	3	3	3	3	2524584	2524584	2524584	13K(304.2072), 1K(304.2072), 7K(304.2072), N-term(304.2072)			142989.3379	70470.9375	105066.1973	65793.5820	55829.5098	64321.3164	51591.8457	72120.1230	83514.4199	55849.8613	75368.3027	57975.8271	59986.3115	45202.0752	75688.8516	0.0000
sp|P08238|HS90B_HUMAN	P08238	HS90B_HUMAN	HSP90AB1	724	Homo sapiens	Heat shock protein HSP 90-beta	1:Experimental evidence at protein level	44.06	1.0000	0.9990	29	10	29	51	20	51	10373775	5003925	10373775	10K(304.2072), 11K(304.2072), 11M(15.9949), 12K(304.2072), 13K(304.2072), 14K(304.2072), 15K(304.2072), 17K(304.2072), 1K(304.2072), 2K(304.2072), 35K(304.2072), 3K(304.2072), 6K(304.2072), 7C(57.0215), 7K(304.2072), 9K(304.2072), N-term(304.2072)			1628962.0078	1157152.6626	1428987.8867	894555.6265	634278.8523	619550.0581	742896.4067	848916.8359	870347.4053	848003.7910	932027.0010	881441.0151	649642.5237	565276.4177	558689.1223	182295.2185
sp|P08670|VIME_HUMAN	P08670	VIME_HUMAN	VIM	466	Homo sapiens	Vimentin	1:Experimental evidence at protein level	69.74	1.0000	0.9990	39	31	39	73	58	73	135761036	39634512	135761036	10K(304.2072), 12K(304.2072), 12M(15.9949), 13K(304.2072), 13M(15.9949), 14K(304.2072), 15K(304.2072), 19K(304.2072), 1K(304.2072), 1M(15.9949), 2K(304.2072), 2M(15.9949), 4K(304.2072), 5M(15.9949), 7C(57.0215), 7K(304.2072), 7M(15.9949), 8M(15.9949), 9K(304.2072), 9M(15.9949), N-term(304.2072)			7494470.9585	6172603.4321	3915478.2104	1483322.1924	1335585.7358	1244033.1326	1291381.6267	1248686.4382	1280142.5156	1449596.3943	1324944.0435	1362523.3550	927300.6622	694833.4846	1023825.9473	41092.1982
sp|P08758|ANXA5_HUMAN	P08758	ANXA5_HUMAN	ANXA5	320	Homo sapiens	Annexin A5	1:Experimental evidence at protein level	11.25	1.0000	0.9980	2	2	2	2	2	2	831365	831365	831365	20K(304.2072), N-term(304.2072)			63525.8379	68526.9824	60392.5801	28728.4385	21311.7158	21421.5332	16555.9380	16265.9541	18081.0225	22742.6899	16856.9409	20366.1582	12343.4658	10844.1631	13764.3979	1626.1866
sp|P09104|ENOG_HUMAN	P09104	ENOG_HUMAN	ENO2	434	Homo sapiens	Gamma-enolase	1:Experimental evidence at protein level	21.89	1.0000	0.9990	6	4	4	7	4	4	2287112	1517257	2287112	10K(304.2072), 13K(304.2072), 3K(304.2072), 9K(304.2072), N-term(304.2072)			81967.1387	59377.1299	48388.3311	26295.1079	19363.3672	20655.2163	35149.4668	46234.9766	38594.3145	48223.1357	42279.0430	38329.6689	26450.8843	20445.1885	20590.3154	0.0000
sp|P09211|GSTP1_HUMAN	P09211	GSTP1_HUMAN	GSTP1	210	Homo sapiens	Glutathione S-transferase P	1:Experimental evidence at protein level	37.62	1.0000	0.9990	5	5	5	9	9	9	2835708	2835708	2835708	10K(304.2072), 11K(304.2072), 20K(304.2072), 26K(304.2072), 3C(57.0215), 7K(304.2072), N-term(304.2072)			384801.7944	191816.5913	256813.4189	136317.6689	123188.4429	132859.7393	123312.4795	171007.9109	162299.5425	163647.9854	160552.9370	157732.3799	125886.0757	107085.1128	112209.2300	12503.5789
sp|P09429|HMGB1_HUMAN	P09429	HMGB1_HUMAN	HMGB1	215	Homo sapiens	High mobility group protein B1	1:Experimental evidence at protein level	26.51	1.0000	0.9990	5	3	5	6	3	6	16071959	8463165	16071959	10K(304.2072), 13K(304.2072), 14K(304.2072), 15K(304.2072), 19K(304.2072), 1K(304.2072), 5M(15.9949), 6K(304.2072), N-term(304.2072)			133504.5742	102343.0625	86663.0469	84060.9268	72373.1064	91412.2422	67797.3389	82492.2842	75005.4170	82173.0615	67414.1094	71994.7383	75938.3574	62953.1348	81892.6289	6960.6074
sp|P09471|GNAO_HUMAN	P09471	GNAO_HUMAN	GNAO1	354	Homo sapiens	Guanine nucleotide-binding protein G(o) subunit alpha	1:Experimental evidence at protein level	18.93	1.0000	0.9990	6	5	6	8	7	8	7297309	5658096	7297309	11K(304.2072), 12K(304.2072), 2M(15.9949), 3K(304.2072), N-term(304.2072)			328623.1426	237664.1416	313699.8633	150424.5645	106662.4761	111968.3770	264251.5430	249894.6875	293021.1445	260368.5273	262466.6387	236152.9805	108710.0273	108779.3965	97405.7368	0.0000
sp|P09543|CN37_HUMAN	P09543	CN37_HUMAN	CNP	421	Homo sapiens	2',3'-cyclic-nucleotide 3'-phosphodiesterase	1:Experimental evidence at protein level	5.70	1.0000	0.9990	2	2	2	2	2	2	1015290	1015290	1015290	13K(304.2072), N-term(304.2072)			46327.0830	20323.4307	40256.1621	11887.3193	10536.6870	10339.7178	17835.3960	19788.2998	28214.6772	22139.0620	20693.9202	21667.6162	10958.2656	8500.0630	10981.6841	0.0000
sp|P09622|DLDH_HUMAN	P09622	DLDH_HUMAN	DLD	509	Homo sapiens	Dihydrolipoyl dehydrogenase, mitochondrial	1:Experimental evidence at protein level	5.89	1.0000	0.9990	3	3	3	3	3	3	1956077	1956077	1956077	10K(304.2072), 13K(304.2072), 6K(304.2072), 7K(304.2072), N-term(304.2072)			176100.2344	103344.7734	149339.1914	53457.7441	45160.3525	39485.4136	80557.1348	95344.8770	109073.4473	87989.7520	83743.1875	100131.0664	34977.9541	31778.9653	36732.6948	2294.1133
sp|P09651|ROA1_HUMAN	P09651	ROA1_HUMAN	HNRNPA1	372	Homo sapiens	Heterogeneous nuclear ribonucleoprotein A1	1:Experimental evidence at protein level	40.32	1.0000	0.9990	13	3	13	19	4	19	8007549	8007549	8007549	12C(57.0215), 14K(304.2072), 15M(15.9949), 17M(15.9949), 1K(304.2072), 21K(304.2072), 23K(304.2072), 2K(304.2072), 5K(304.2072), 7K(304.2072), 7M(15.9949), 8K(304.2072), N-term(304.2072), N-term(42.0106)			430993.1216	348021.7100	332649.8862	208012.9653	202540.7505	190071.1665	228493.0989	240296.7964	251896.2754	277330.3579	235134.6445	227145.6406	166745.6714	135397.8445	186312.6079	8795.2416
sp|P09874|PARP1_HUMAN	P09874	PARP1_HUMAN	PARP1	1014	Homo sapiens	Poly [ADP-ribose] polymerase 1	1:Experimental evidence at protein level	6.90	1.0000	0.9989	5	5	5	5	5	5	3808005	3808005	3808005	17K(304.2072), 8K(304.2072), N-term(304.2072)			131838.0723	58710.0107	72030.5479	74227.2842	58375.6475	63063.3076	39889.2656	43474.0435	53280.5488	39093.1313	51551.3594	46353.3193	58368.3257	38127.4888	78382.6855	0.0000
sp|P09936|UCHL1_HUMAN	P09936	UCHL1_HUMAN	UCHL1	223	Homo sapiens	Ubiquitin carboxyl-terminal hydrolase isozyme L1	1:Experimental evidence at protein level	30.49	1.0000	0.9990	8	8	8	11	11	11	8110777	8110777	8110777	10K(304.2072), 13K(304.2072), 14K(304.2072), 17C(57.0215), 1C(57.0215), 1K(304.2072), 21C(57.0215), 4K(304.2072), 6K(304.2072), 7C(57.0215), 7K(304.2072), 8K(304.2072), 9M(15.9949), N-term(304.2072)			1161863.8350	916948.1641	751181.7031	349274.8970	233949.5488	234741.5591	352285.4224	380178.0713	361580.0098	415996.6992	366188.2246	352000.1582	198983.1831	181177.9873	185787.0720	4057.5378
sp|P0C0S5|H2AZ_HUMAN	P0C0S5	H2AZ_HUMAN	H2AZ1	128	Homo sapiens	Histone H2A.Z	1:Experimental evidence at protein level	31.25	1.0000	0.9990	4	0	2	12	0	3	175842850	     0	175842850	10K(304.2072), 14K(304.2072), N-term(304.2072)		sp|Q71UI9|H2AV_HUMAN	113144.9121	45940.8643	98412.8145	58674.2539	50706.0283	55097.9258	38176.1787	62410.3906	76497.1172	54371.0186	66785.3232	51968.7764	49201.4307	40756.9365	56651.7617	3303.5359
sp|P0C0S8|H2A1_HUMAN	P0C0S8	H2A1_HUMAN	H2AC17	130	Homo sapiens	Histone H2A type 1	1:Experimental evidence at protein level	35.38	1.0000	0.9990	7	0	7	21	0	21	193292736	     0	193292736	11K(304.2072), 14K(304.2072), 18K(304.2072), 19K(304.2072), 7K(304.2072), N-term(304.2072)		sp|P20671|H2A1D_HUMAN, sp|Q16777|H2A2C_HUMAN, sp|Q6FI13|H2A2A_HUMAN, sp|Q96KK5|H2A1H_HUMAN, sp|Q99878|H2A1J_HUMAN, sp|Q9BTM1|H2AJ_HUMAN	760068.1274	382138.6201	624983.1812	505439.7842	409202.0674	523693.9189	312829.6934	314504.0791	425696.5146	352563.9883	400647.1304	331574.7871	319644.5376	239301.0884	410094.3530	3024.1123
sp|P0DMV8|HS71A_HUMAN	P0DMV8	HS71A_HUMAN	HSPA1A	641	Homo sapiens	Heat shock 70 kDa protein 1A	1:Experimental evidence at protein level	21.53	1.0000	0.9990	12	0	9	20	0	16	9694242	     0	9694242	10M(15.9949), 11K(304.2072), 14C(57.0215), 15K(304.2072), 22K(304.2072), 27K(304.2072), N-term(304.2072)		sp|P0DMV9|HS71B_HUMAN	339813.8628	280738.4902	340502.7397	248975.5317	167684.5608	162925.0017	211871.2681	201529.7451	215856.3135	218096.2656	211431.5581	213974.7866	181367.5503	173541.9727	158091.6636	99157.9852
sp|P10412|H14_HUMAN	P10412	H14_HUMAN	H1-4	219	Homo sapiens	Histone H1.4	1:Experimental evidence at protein level	36.53	1.0000	0.9990	11	2	8	28	3	25	68359846	5988054	68359846	10K(304.2072), 11K(304.2072), 12K(304.2072), 13K(304.2072), 16K(304.2072), 1K(304.2072), 20K(304.2072), 21K(304.2072), 9K(304.2072), N-term(304.2072), N-term(42.0106)			1464043.3203	862114.4365	1085404.6753	1396199.2324	1381612.3018	1382261.7725	501295.7935	525770.2871	701760.9309	490782.9070	636955.7622	554424.6670	749497.4404	566334.6489	989691.3647	41833.3499
sp|P10636|TAU_HUMAN	P10636	TAU_HUMAN	MAPT	758	Homo sapiens	Microtubule-associated protein tau	1:Experimental evidence at protein level	5.41	1.0000	0.9990	3	3	3	3	3	3	2452078	2452078	2452078	12K(304.2072), 13K(304.2072), 16K(304.2072), 8M(15.9949), N-term(304.2072)			52802.5840	44253.4497	62519.6582	44400.1470	43913.8789	47485.7163	70775.3608	64913.8242	80689.8564	86175.0166	71987.2617	76710.1807	52877.5757	47181.8711	55575.5698	0.0000
sp|P10809|CH60_HUMAN	P10809	CH60_HUMAN	HSPD1	573	Homo sapiens	60 kDa heat shock protein, mitochondrial	1:Experimental evidence at protein level	55.85	1.0000	0.9990	30	30	30	42	42	42	20688044	20688044	20688044	11K(304.2072), 12K(304.2072), 12M(15.9949), 13C(57.0215), 13K(304.2072), 14K(304.2072), 15K(304.2072), 17K(304.2072), 18M(15.9949), 19K(304.2072), 1C(57.0215), 1K(304.2072), 21K(304.2072), 3K(304.2072), 3M(15.9949), 4M(15.9949), 5K(304.2072), 7K(304.2072), 7M(15.9949), 8K(304.2072), 9K(304.2072), N-term(304.2072)			2456492.8579	2067363.3618	2114987.6523	1044410.6426	854244.5449	714354.7444	1226636.9912	1427859.5356	1311262.8516	1384594.3618	1180242.6125	1423590.2378	578430.5256	472097.7534	528471.7100	37868.4072
sp|P10909|CLUS_HUMAN	P10909	CLUS_HUMAN	CLU	449	Homo sapiens	Clusterin	1:Experimental evidence at protein level	25.84	1.0000	0.9990	10	10	10	11	11	11	7781640	7781640	7781640	10K(304.2072), 11K(304.2072), 14K(304.2072), 16K(304.2072), 1K(304.2072), 23K(304.2072), 2M(15.9949), 4K(304.2072), 7C(57.0215), 7K(304.2072), 8K(304.2072), N-term(304.2072)			1295398.0137	1287415.7051	1111023.0156	255776.6455	231812.6445	158306.2623	220973.5222	198766.0371	234580.2729	346079.1816	192939.1973	213312.4927	133994.5911	113381.7593	111196.8855	0.0000
sp|P11021|BIP_HUMAN	P11021	BIP_HUMAN	HSPA5	654	Homo sapiens	Endoplasmic reticulum chaperone BiP	1:Experimental evidence at protein level	33.49	1.0000	0.9990	17	16	16	18	16	16	11357410	8409579	11357410	10K(304.2072), 10M(15.9949), 11K(304.2072), 11M(15.9949), 14K(304.2072), 15K(304.2072), 16K(304.2072), 17K(304.2072), 18K(304.2072), 1K(304.2072), 2K(304.2072), 6K(304.2072), 9K(304.2072), N-term(304.2072)			1117761.0430	676675.9766	779955.2900	261541.7651	234223.1072	221623.1702	239108.8367	247107.4377	267065.4033	266344.0098	243647.9326	247274.0322	160385.6238	134896.0400	150477.3241	8734.2321
sp|P11047|LAMC1_HUMAN	P11047	LAMC1_HUMAN	LAMC1	1609	Homo sapiens	Laminin subunit gamma-1	1:Experimental evidence at protein level	4.54	1.0000	0.9990	7	7	7	8	8	8	3725069	3725069	3725069	10C(57.0215), 11M(15.9949), 13K(304.2072), 1C(57.0215), 2K(304.2072), 4C(57.0215), 7K(304.2072), N-term(304.2072)			159181.7539	149912.7939	255810.1465	91508.4326	89464.8511	89623.7188	271986.7930	202999.5996	214304.0742	220144.1504	157318.2773	166026.0361	103736.0889	110050.8999	80977.2224	1304.2119
sp|P11137|MTAP2_HUMAN	P11137	MTAP2_HUMAN	MAP2	1827	Homo sapiens	Microtubule-associated protein 2	1:Experimental evidence at protein level	1.75	1.0000	0.9986	4	4	4	4	4	4	3769538	3769538	3769538	10K(304.2072), 12K(304.2072), 8K(304.2072), 9K(304.2072), N-term(304.2072)			155375.6289	188344.9180	185816.4648	161505.3340	152696.0918	127634.0723	171869.1855	137872.8535	173579.8867	209883.9492	138339.2793	154752.0098	114981.0859	99986.5586	130998.1660	0.0000
sp|P11142|HSP7C_HUMAN	P11142	HSP7C_HUMAN	HSPA8	646	Homo sapiens	Heat shock cognate 71 kDa protein	1:Experimental evidence at protein level	46.75	1.0000	0.9990	26	16	25	47	24	42	12482895	9772282	12482895	10K(304.2072), 10M(15.9949), 11K(304.2072), 11M(15.9949), 12K(304.2072), 13K(304.2072), 14K(304.2072), 15K(304.2072), 16K(304.2072), 17K(304.2072), 17M(15.9949), 26K(304.2072), 27K(304.2072), 2C(57.0215), 2K(304.2072), 3K(304.2072), 4K(304.2072), 5M(15.9949), 6K(304.2072), 7K(304.2072), 8K(304.2072), 9K(304.2072), N-term(304.2072)			2042466.3789	1523444.5947	1518758.5029	901679.2397	697630.5850	681163.6494	837803.3589	840140.4058	813414.4331	889975.8955	790737.1460	850920.4170	590454.8950	514314.4919	542971.5110	136665.4041
sp|P11216|PYGB_HUMAN	P11216	PYGB_HUMAN	PYGB	843	Homo sapiens	Glycogen phosphorylase, brain form	1:Experimental evidence at protein level	9.61	1.0000	0.9987	7	3	7	7	3	7	1418422	1159238	1418422	10K(304.2072), 12K(304.2072), 2K(304.2072), 7K(304.2072), N-term(304.2072)			122041.6758	78001.9739	114403.1997	80426.5562	59533.7778	65606.5347	79124.9907	100956.5107	82737.2842	105206.7510	93468.5264	112877.1807	71707.0034	67286.5234	88383.4512	11962.3948
sp|P11310|ACADM_HUMAN	P11310	ACADM_HUMAN	ACADM	421	Homo sapiens	Medium-chain specific acyl-CoA dehydrogenase, mitochondrial	1:Experimental evidence at protein level	7.84	1.0000	0.9949	3	3	3	3	3	3	1039826	1039826	1039826	11K(304.2072), 8K(304.2072), 9K(304.2072), N-term(304.2072)			96185.8223	80695.9805	97484.9590	60371.4844	50597.2246	59197.8037	80708.4922	74701.8135	86360.6836	83271.8457	89518.8887	84497.2617	47856.1875	44665.3218	51164.4258	0.0000
sp|P11413|G6PD_HUMAN	P11413	G6PD_HUMAN	G6PD	515	Homo sapiens	Glucose-6-phosphate 1-dehydrogenase	1:Experimental evidence at protein level	10.29	1.0000	0.9990	4	4	4	10	10	10	1534521	1534521	1534521	10K(304.2072), 5K(304.2072), N-term(304.2072)			108991.9888	123456.1211	83308.7505	85581.0908	75274.0190	80139.8613	57396.8391	62718.5156	101460.0605	113452.0283	76738.3745	82368.9336	107158.2695	107670.3066	61624.7803	53281.1489
sp|P11498|PYC_HUMAN	P11498	PYC_HUMAN	PC	1178	Homo sapiens	Pyruvate carboxylase, mitochondrial	1:Experimental evidence at protein level	58.57	1.0000	0.9990	62	62	62	147	147	147	132138584	132138584	132138584	10K(304.2072), 10M(15.9949), 11K(304.2072), 12M(15.9949), 13K(304.2072), 13M(15.9949), 14K(304.2072), 15K(304.2072), 15M(15.9949), 16K(304.2072), 17K(304.2072), 18K(304.2072), 19K(304.2072), 1K(304.2072), 20M(15.9949), 22K(304.2072), 24K(304.2072), 26M(15.9949), 29K(304.2072), 2C(57.0215), 2K(304.2072), 2M(15.9949), 31K(304.2072), 3K(304.2072), 4C(57.0215), 4M(15.9949), 5K(304.2072), 5M(15.9949), 6K(304.2072), 7C(57.0215), 7K(304.2072), 7M(15.9949), 8C(57.0215), 8M(15.9949), 9M(15.9949), N-term(304.2072)			7278290.3521	4971625.3572	5731185.0234	3107318.7329	2753730.0928	3048366.4309	6744814.2065	6112803.3237	6275581.7017	7249067.7466	5235888.6111	5989221.5420	2099489.7397	1649777.5178	2252095.8734	20271.0187
sp|P11940|PABP1_HUMAN	P11940	PABP1_HUMAN	PABPC1	636	Homo sapiens	Polyadenylate-binding protein 1	1:Experimental evidence at protein level	4.72	1.0000	0.9847	4	0	4	4	0	4	1515429	     0	1515429	10K(304.2072), 2K(304.2072), 8K(304.2072), N-term(304.2072)			141024.8359	108395.9004	117253.3711	81382.5996	74944.7622	77010.0659	72288.3467	78817.9375	75526.8350	96575.2129	76455.3535	78102.9082	68703.4385	48380.5146	66304.2471	5470.1067
sp|P12277|KCRB_HUMAN	P12277	KCRB_HUMAN	CKB	381	Homo sapiens	Creatine kinase B-type	1:Experimental evidence at protein level	28.87	1.0000	0.9990	7	7	7	12	12	12	5024638	5024638	5024638	11M(15.9949), 15K(304.2072), 19K(304.2072), 2M(15.9949), 30M(15.9949), 5M(15.9949), 6K(304.2072), N-term(304.2072)			620733.4961	296066.4424	266515.8599	155410.4700	118220.3335	116707.4602	170469.0586	210472.0098	232524.0151	208353.6040	211859.4336	207993.1689	117474.0815	103842.8733	116702.9094	1376.8317
sp|P12956|XRCC6_HUMAN	P12956	XRCC6_HUMAN	XRCC6	609	Homo sapiens	X-ray repair cross-complementing protein 6	1:Experimental evidence at protein level	19.87	1.0000	0.9990	8	8	8	9	9	9	3576244	3576244	3576244	10K(304.2072), 11K(304.2072), 14K(304.2072), 16K(304.2072), 17K(304.2072), 22K(304.2072), 2M(15.9949), 8K(304.2072), 9K(304.2072), N-term(304.2072)			232194.8672	186305.2266	171031.3125	115658.2100	108092.1333	123934.0146	100884.2700	96311.7739	108439.3872	108100.2036	106331.1665	103891.4683	75880.1572	66982.4189	79757.5220	0.0000
sp|P13010|XRCC5_HUMAN	P13010	XRCC5_HUMAN	XRCC5	732	Homo sapiens	X-ray repair cross-complementing protein 5	1:Experimental evidence at protein level	8.06	1.0000	0.9990	6	6	6	9	9	9	1883115	1883115	1883115	10K(304.2072), 16M(15.9949), 17K(304.2072), 19K(304.2072), 7K(304.2072), 9K(304.2072), N-term(304.2072)			203348.9258	140800.9141	136691.5596	107364.2305	80216.1172	81723.7402	93555.8115	92094.1177	98481.6045	103978.4546	104202.9502	100713.2104	85119.0747	80714.5288	74106.3113	30863.0601
sp|P13073|COX41_HUMAN	P13073	COX41_HUMAN	COX4I1	169	Homo sapiens	Cytochrome c oxidase subunit 4 isoform 1, mitochondrial	1:Experimental evidence at protein level	12.43	1.0000	0.9987	2	2	2	2	2	2	1686906	1686906	1686906	10K(304.2072), 11K(304.2072), N-term(304.2072)			128032.7266	76720.9785	109582.6602	53472.0215	44404.7344	44086.5918	60311.0039	69195.1172	77414.3613	67017.1484	74551.2031	70711.9414	35926.4277	32657.5439	39173.6113	0.0000
sp|P13591|NCAM1_HUMAN	P13591	NCAM1_HUMAN	NCAM1	858	Homo sapiens	Neural cell adhesion molecule 1	1:Experimental evidence at protein level	5.94	1.0000	0.9990	4	4	4	4	4	4	2198455	2198455	2198455	11K(304.2072), 12C(57.0215), 17K(304.2072), 1K(304.2072), 4K(304.2072), 5K(304.2072), 7K(304.2072), 9K(304.2072), N-term(304.2072)			248961.6172	144966.1602	202223.8125	79493.6221	54967.9048	46949.9297	84395.0537	97835.1758	111269.3232	121255.7402	128993.9736	96379.3701	42925.7163	36281.7151	44695.8337	0.0000
sp|P13637|AT1A3_HUMAN	P13637	AT1A3_HUMAN	ATP1A3	1013	Homo sapiens	Sodium/potassium-transporting ATPase subunit alpha-3	1:Experimental evidence at protein level	7.80	1.0000	0.9990	6	2	6	6	2	6	1404583	755787	1404583	11K(304.2072), 13K(304.2072), 14K(304.2072), 3M(15.9949), 4K(304.2072), 9K(304.2072), N-term(304.2072)			120415.9971	98034.5059	124686.0273	49554.2505	39369.1675	43969.8530	61082.3994	62696.4331	65815.3945	63397.7031	63782.8320	66588.6104	38888.6738	47818.9028	37909.9954	0.0000
sp|P13639|EF2_HUMAN	P13639	EF2_HUMAN	EEF2	858	Homo sapiens	Elongation factor 2	1:Experimental evidence at protein level	35.20	1.0000	0.9990	20	19	20	33	32	33	6299295	4913621	6299295	10K(304.2072), 11C(57.0215), 11K(304.2072), 12K(304.2072), 13K(304.2072), 14K(304.2072), 14M(15.9949), 15K(304.2072), 17K(304.2072), 18K(304.2072), 19K(304.2072), 21K(304.2072), 28C(57.0215), 2K(304.2072), 2M(15.9949), 30K(304.2072), 5K(304.2072), 6K(304.2072), 6M(15.9949), 7C(57.0215), 7K(304.2072), 7M(15.9949), 8C(57.0215), 8K(304.2072), 9C(57.0215), 9K(304.2072), N-term(304.2072)			788824.2212	553481.3164	652200.0640	483402.3950	353053.0654	364838.1440	399991.8772	422636.3669	444080.0654	438502.9761	458715.1445	444385.7134	356244.0466	330614.1936	311748.6746	111834.9279
sp|P13667|PDIA4_HUMAN	P13667	PDIA4_HUMAN	PDIA4	645	Homo sapiens	Protein disulfide-isomerase A4	1:Experimental evidence at protein level	6.67	1.0000	0.9939	4	4	4	4	4	4	2045217	2045217	2045217	10K(304.2072), 11K(304.2072), 1K(304.2072), 2K(304.2072), N-term(304.2072)			186833.6445	153754.4844	129101.7344	60381.2842	46413.8330	45302.1035	53361.8496	47651.5039	51146.0029	62770.0918	43122.4619	50399.4180	31930.3638	27181.0537	29483.2437	3448.5940
sp|P14136|GFAP_HUMAN	P14136	GFAP_HUMAN	GFAP	432	Homo sapiens	Glial fibrillary acidic protein	1:Experimental evidence at protein level	43.75	1.0000	0.9990	21	18	18	35	26	26	41248484	10987848	41248484	12K(304.2072), 12M(15.9949), 1K(304.2072), 2K(304.2072), 3M(15.9949), 4M(15.9949), 6K(304.2072), 7K(304.2072), 9K(304.2072), N-term(304.2072)			2512884.6836	3013757.8320	1614889.9253	404216.9346	200707.9484	140279.9467	178349.1919	170114.8698	190378.4729	194683.5825	172959.6045	191183.0942	113099.2311	111972.2849	111819.0066	1615.1329
sp|P14324|FPPS_HUMAN	P14324	FPPS_HUMAN	FDPS	419	Homo sapiens	Farnesyl pyrophosphate synthase	1:Experimental evidence at protein level	8.83	1.0000	0.9990	3	3	3	3	3	3	1523879	1523879	1523879	10K(304.2072), 7M(15.9949), 9K(304.2072), N-term(304.2072)			92603.6738	46971.0352	66693.1152	47153.5430	44959.7402	36188.9648	37532.9824	41816.1777	35020.2871	33549.1777	45304.0898	41257.0879	34959.5898	37986.2676	45440.7363	0.0000
sp|P14618|KPYM_HUMAN	P14618	KPYM_HUMAN	PKM	531	Homo sapiens	Pyruvate kinase PKM	1:Experimental evidence at protein level	50.09	1.0000	0.9990	23	22	23	57	56	57	10728732	8927809	10728732	10K(304.2072), 11K(304.2072), 13K(304.2072), 13M(15.9949), 17K(304.2072), 18K(304.2072), 19K(304.2072), 1C(57.0215), 20K(304.2072), 23K(304.2072), 2C(57.0215), 2K(304.2072), 5M(15.9949), 6C(57.0215), 6K(304.2072), 7C(57.0215), 7K(304.2072), 8K(304.2072), 8M(15.9949), 9K(304.2072), 9M(15.9949), N-term(304.2072)			1233940.3145	1025915.8652	1081443.3999	687726.8022	619086.9507	601135.6821	589634.3994	614447.2134	758624.2034	757745.2893	647136.8699	674597.4128	692212.2703	612577.6504	491043.7317	231908.0774
sp|P14625|ENPL_HUMAN	P14625	ENPL_HUMAN	HSP90B1	803	Homo sapiens	Endoplasmin	1:Experimental evidence at protein level	18.18	1.0000	0.9990	13	9	12	19	15	18	4162715	3883662	4162715	12K(304.2072), 19K(304.2072), 1K(304.2072), 20K(304.2072), 2K(304.2072), 7K(304.2072), 8K(304.2072), 9K(304.2072), N-term(304.2072)			785071.7793	623422.2783	635113.6572	300317.2739	243052.2905	270020.0049	257829.2417	284444.8877	333279.3794	334037.4590	281150.6675	279858.1855	258241.8188	243322.6694	176040.8096	86170.0516
sp|P14678|RSMB_HUMAN	P14678	RSMB_HUMAN	SNRPB	240	Homo sapiens	Small nuclear ribonucleoprotein-associated proteins B and B'	1:Experimental evidence at protein level	15.00	1.0000	0.9990	3	0	3	4	0	4	1662161	     0	1662161	15K(304.2072), 7K(304.2072), 7M(15.9949), N-term(304.2072)		sp|P63162|RSMN_HUMAN	83807.0391	66854.3545	68521.2676	46281.6699	46214.7168	47768.6113	56646.9775	42209.3740	51302.7168	66387.8896	44113.4766	59143.5625	39803.7725	27948.8496	40876.9829	0.0000
sp|P14866|HNRPL_HUMAN	P14866	HNRPL_HUMAN	HNRNPL	589	Homo sapiens	Heterogeneous nuclear ribonucleoprotein L	1:Experimental evidence at protein level	7.98	1.0000	0.9990	2	2	2	4	4	4	952306	952306	952306	10M(15.9949), 27M(15.9949), 29K(304.2072), 2K(304.2072), 7M(15.9949), N-term(304.2072)			20431.5039	27886.9678	26141.0615	29141.9834	22752.2363	24618.4541	26845.5020	19785.3730	26604.0195	29891.6328	27645.4727	31586.3760	30124.2266	29922.0869	21994.7920	22262.3125
sp|P14923|PLAK_HUMAN	P14923	PLAK_HUMAN	JUP	745	Homo sapiens	Junction plakoglobin	1:Experimental evidence at protein level	15.17	1.0000	0.9990	10	10	10	13	13	13	4937178	4937178	4937178	10K(304.2072), 11K(304.2072), 12K(304.2072), 13C(57.0215), 17K(304.2072), 3M(15.9949), 4K(304.2072), 6M(15.9949), 7K(304.2072), 8K(304.2072), 9K(304.2072), N-term(304.2072)			193487.6846	130486.9297	151236.2632	145178.3325	176298.5352	151650.8677	209996.3281	239625.2910	188811.5469	243482.6660	257704.4502	310769.4863	197482.8223	173452.9746	267100.3555	1888.4464
sp|P15121|ALDR_HUMAN	P15121	ALDR_HUMAN	AKR1B1	316	Homo sapiens	Aldo-keto reductase family 1 member B1	1:Experimental evidence at protein level	14.56	1.0000	0.9990	3	3	3	3	3	3	1862029	1862029	1862029	10C(57.0215), 18K(304.2072), 21K(304.2072), 2K(304.2072), 4C(57.0215), 7K(304.2072), N-term(304.2072)			79456.2319	65143.3784	76498.8530	48597.4351	42012.8247	35698.8159	51289.7202	53428.7549	51537.9141	55780.2769	42342.6567	58285.1885	38210.1724	36500.4346	33675.6592	7900.3452
sp|P15531|NDKA_HUMAN	P15531	NDKA_HUMAN	NME1	152	Homo sapiens	Nucleoside diphosphate kinase A	1:Experimental evidence at protein level	19.08	1.0000	0.9990	2	0	2	5	0	5	2648976	     0	2648976	12K(304.2072), 2M(15.9949), 6K(304.2072), N-term(304.2072)		sp|P22392|NDKB_HUMAN	254113.2402	149843.4531	183935.3613	114133.9785	95219.0664	109282.6260	132940.8125	154039.6689	164405.9688	158349.3799	152640.5264	160819.9561	101634.4082	98023.2314	91369.4609	15416.1083
sp|P15559|NQO1_HUMAN	P15559	NQO1_HUMAN	NQO1	274	Homo sapiens	NAD(P)H dehydrogenase [quinone] 1	1:Experimental evidence at protein level	17.15	1.0000	0.9990	4	4	4	6	6	6	1766589	1766589	1766589	7M(15.9949), 8K(304.2072), 9K(304.2072), N-term(304.2072)			94177.3545	69414.0869	88332.3154	67207.4082	53159.2397	54268.3003	61421.0215	53162.8779	69313.6802	67670.8428	60901.4346	68690.0552	48563.2573	48592.8062	38128.1553	10217.5596
sp|P15586|GNS_HUMAN	P15586	GNS_HUMAN	GNS	552	Homo sapiens	N-acetylglucosamine-6-sulfatase	1:Experimental evidence at protein level	5.43	1.0000	0.9982	3	3	3	3	3	3	1346753	1346753	1346753	9K(304.2072), N-term(304.2072)			144311.6094	118098.4082	126985.5566	58056.2749	55378.6377	46933.7026	44379.7559	39073.3389	39660.9536	50556.3579	39031.3687	49328.0039	28741.3711	22359.4626	29189.4995	0.0000
sp|P15880|RS2_HUMAN	P15880	RS2_HUMAN	RPS2	293	Homo sapiens	40S ribosomal protein S2	1:Experimental evidence at protein level	36.18	1.0000	0.9990	11	11	11	15	15	15	9041373	9041373	9041373	11K(304.2072), 12K(304.2072), 13K(304.2072), 14K(304.2072), 19K(304.2072), 27K(304.2072), 2C(57.0215), 32K(304.2072), 7K(304.2072), 8K(304.2072), N-term(304.2072)			552061.5566	385642.0547	569202.8633	400498.1221	306574.4248	346041.6846	270088.5059	288431.0430	374497.6367	292997.6484	336059.9541	312795.3906	255359.6226	217227.6147	247519.5400	57410.2956
sp|P15924|DESP_HUMAN	P15924	DESP_HUMAN	DSP	2871	Homo sapiens	Desmoplakin	1:Experimental evidence at protein level	11.32	1.0000	0.9990	32	32	32	36	36	36	5487317	5487317	5487317	10K(304.2072), 15K(304.2072), 18K(304.2072), 1K(304.2072), 2K(304.2072), 2M(15.9949), 3C(57.0215), 3K(304.2072), 5C(57.0215), 5M(15.9949), 6K(304.2072), 7K(304.2072), 7M(15.9949), 8K(304.2072), 8M(15.9949), 9K(304.2072), N-term(304.2072)			584908.8394	456886.9465	485694.2207	476641.3965	670692.7458	460391.7827	699861.2664	859749.1035	589629.0444	930385.9980	804208.6909	1094907.6987	718897.0010	572247.4668	913521.7837	3378.2086
sp|P16401|H15_HUMAN	P16401	H15_HUMAN	H1-5	226	Homo sapiens	Histone H1.5	1:Experimental evidence at protein level	36.28	1.0000	0.9990	14	11	14	22	19	22	57923828	36675475	57923828	10K(304.2072), 11K(304.2072), 12K(304.2072), 13K(304.2072), 16K(304.2072), 1K(304.2072), 20K(304.2072), 21K(304.2072), 5K(304.2072), 7K(304.2072), 9K(304.2072), N-term(304.2072), N-term(42.0106)			1235799.1738	823143.4863	1086324.1147	1523958.0996	1560553.2783	1481816.8789	514607.4014	526578.1239	672630.6951	409158.9609	639374.5903	533534.5272	776493.4817	524217.9382	1154464.3154	11867.4425
sp|P16615|AT2A2_HUMAN	P16615	AT2A2_HUMAN	ATP2A2	1042	Homo sapiens	Sarcoplasmic/endoplasmic reticulum calcium ATPase 2	1:Experimental evidence at protein level	7.68	1.0000	0.9990	5	3	5	5	3	5	921505	732525	921505	13K(304.2072), 15K(304.2072), 16K(304.2072), 17K(304.2072), 1K(304.2072), 2K(304.2072), 2M(15.9949), 7K(304.2072), 8M(15.9949), 9C(57.0215), N-term(304.2072)			85498.4443	72000.9385	82092.5986	48814.0400	42463.5728	40594.8965	45998.2471	43975.1079	51622.4248	44183.1670	48574.2871	44070.5146	30492.3538	27233.8369	30549.2695	1993.3604
sp|P17096|HMGA1_HUMAN	P17096	HMGA1_HUMAN	HMGA1	107	Homo sapiens	High mobility group protein HMG-I/HMG-Y	1:Experimental evidence at protein level	23.36	1.0000	0.9989	2	2	2	2	2	2	646080	646080	646080	16K(304.2072), 1K(304.2072), 25K(304.2072), N-term(304.2072)			18631.8638	13775.8398	26244.0820	13701.5928	12828.6211	13997.4424	25395.9375	26896.8730	31916.8994	23933.0371	31446.6055	26958.6191	14441.3296	16112.6064	14952.6289	4270.4668
sp|P17612|KAPCA_HUMAN	P17612	KAPCA_HUMAN	PRKACA	351	Homo sapiens	cAMP-dependent protein kinase catalytic subunit alpha	1:Experimental evidence at protein level	14.81	1.0000	0.9990	6	2	6	6	2	6	6502060	3709150	6502060	11K(304.2072), 14K(304.2072), 1K(304.2072), 2K(304.2072), 9K(304.2072), N-term(304.2072)			295845.8350	169541.6997	235454.8032	182619.9336	258177.5801	303531.2114	209517.1328	187961.4673	199903.0752	200768.4014	180080.0674	175578.9385	156178.8569	142284.5354	155541.3062	2207.9651
sp|P17677|NEUM_HUMAN	P17677	NEUM_HUMAN	GAP43	238	Homo sapiens	Neuromodulin	1:Experimental evidence at protein level	20.59	1.0000	0.9990	2	2	2	3	3	3	2352274	2352274	2352274	10K(304.2072), 17K(304.2072), 21K(304.2072), 26K(304.2072), 28K(304.2072), 4K(304.2072), N-term(304.2072)			106753.6963	63012.4980	111728.3271	36644.7676	21579.2896	23637.0950	30504.2112	36264.1538	39345.2539	37146.8521	40224.3877	34072.1206	14724.1133	13249.2241	19793.6747	0.0000
sp|P17844|DDX5_HUMAN	P17844	DDX5_HUMAN	DDX5	614	Homo sapiens	Probable ATP-dependent RNA helicase DDX5	1:Experimental evidence at protein level	7.98	1.0000	0.9990	5	2	5	5	2	5	2237258	1064294	2237258	10K(304.2072), 3C(57.0215), 8K(304.2072), N-term(304.2072)			192479.5371	106397.1504	143271.3086	84636.3555	71213.7119	75341.8960	75767.5283	82147.9043	95774.2363	84932.2510	89519.3867	85593.0928	74087.6357	64343.2803	79021.1943	3920.5962
sp|P17987|TCPA_HUMAN	P17987	TCPA_HUMAN	TCP1	556	Homo sapiens	T-complex protein 1 subunit alpha	1:Experimental evidence at protein level	19.78	1.0000	0.9990	8	8	8	9	9	9	3532871	3532871	3532871	10K(304.2072), 11K(304.2072), 12K(304.2072), 13K(304.2072), 29K(304.2072), 3C(57.0215), N-term(304.2072)			412768.5400	287051.2090	391863.8223	153094.7891	131184.5259	122077.5991	158797.4321	174119.1313	181199.3848	174353.4863	173259.7812	172740.8760	133034.0249	115838.8555	119838.2891	30071.6841
sp|P18077|RL35A_HUMAN	P18077	RL35A_HUMAN	RPL35A	110	Homo sapiens	60S ribosomal protein L35a	1:Experimental evidence at protein level	36.36	1.0000	0.9990	6	6	6	7	7	7	6435023	6435023	6435023	2M(15.9949), 7K(304.2072), 9K(304.2072), N-term(304.2072)			223792.8657	176398.0166	277404.1445	200859.3857	166371.9043	190993.6016	159589.6475	175014.9170	214366.5889	173719.7793	180858.4482	184366.6318	130527.1562	114304.5713	132452.4224	1546.4738
sp|P18124|RL7_HUMAN	P18124	RL7_HUMAN	RPL7	248	Homo sapiens	60S ribosomal protein L7	1:Experimental evidence at protein level	35.08	1.0000	0.9990	9	9	9	12	12	12	8179958	8179958	8179958	10K(304.2072), 11K(304.2072), 12K(304.2072), 18K(304.2072), 1K(304.2072), 5C(57.0215), 8K(304.2072), N-term(304.2072)			700580.9609	338482.2559	489503.5454	378025.0195	263583.7749	257321.9365	194691.5325	214376.3120	294863.7036	197707.8052	271199.2925	236024.2334	183863.2739	156815.2417	180342.4727	29486.3226
sp|P18206|VINC_HUMAN	P18206	VINC_HUMAN	VCL	1134	Homo sapiens	Vinculin	1:Experimental evidence at protein level	2.47	1.0000	0.9565	2	2	2	4	4	4	46498400	46498400	46498400	10M(15.9949), 7K(304.2072), N-term(304.2072)			197594.8594	141528.6719	142828.3125	175854.5469	122770.1797	164201.8594	396326.4375	379941.8438	232064.9375	220099.0469	145868.1875	191627.0938	175112.3594	200885.2656	201650.2812	0.0000
sp|P18621|RL17_HUMAN	P18621	RL17_HUMAN	RPL17	184	Homo sapiens	60S ribosomal protein L17	1:Experimental evidence at protein level	28.26	1.0000	0.9990	5	5	5	6	6	6	1783176	1783176	1783176	10K(304.2072), 14K(304.2072), 16K(304.2072), 19K(304.2072), 3K(304.2072), 6K(304.2072), 9K(304.2072), N-term(304.2072)			151103.1680	90255.3857	201612.4160	108841.6592	88778.0039	100559.0327	72352.3794	82648.3569	114729.6064	74918.3354	121350.0596	102706.9072	69059.9189	66236.8389	64164.2905	3253.2034
sp|P18669|PGAM1_HUMAN	P18669	PGAM1_HUMAN	PGAM1	254	Homo sapiens	Phosphoglycerate mutase 1	1:Experimental evidence at protein level	16.54	1.0000	0.9990	2	1	2	3	2	3	1356131	1077905	1356131	12C(57.0215), 16K(304.2072), 21K(304.2072), 9M(15.9949), N-term(304.2072)			65122.5508	53702.1025	56795.4316	31999.7075	24959.9570	25996.3760	49232.7666	38708.9121	46409.3779	58145.4678	51203.6562	44801.5977	20036.5244	19864.5176	24620.0107	1316.3928
sp|P19338|NUCL_HUMAN	P19338	NUCL_HUMAN	NCL	710	Homo sapiens	Nucleolin	1:Experimental evidence at protein level	10.85	1.0000	0.9990	6	6	6	10	10	10	1716048	1716048	1716048	10K(304.2072), 13K(304.2072), 14K(304.2072), 22K(304.2072), 5K(304.2072), 9K(304.2072), N-term(304.2072)			175328.8086	154871.2085	168157.4839	160276.9775	133963.1357	140969.2681	151446.3193	152806.1353	154396.9062	177945.1240	157354.2290	154069.2012	123305.7310	115063.8135	109406.0918	37450.4172
sp|P19367|HXK1_HUMAN	P19367	HXK1_HUMAN	HK1	917	Homo sapiens	Hexokinase-1	1:Experimental evidence at protein level	12.00	1.0000	0.9990	10	10	10	11	11	11	3672954	3672954	3672954	10K(304.2072), 11K(304.2072), 13K(304.2072), 2K(304.2072), 8K(304.2072), 9K(304.2072), N-term(304.2072)			333954.2344	241520.4443	353218.2656	187489.6064	170912.1089	191253.6699	289633.8623	274302.5967	344995.9121	296402.3311	312617.3291	299271.0439	168151.6440	150527.0815	187974.8379	1054.1858
sp|P20700|LMNB1_HUMAN	P20700	LMNB1_HUMAN	LMNB1	586	Homo sapiens	Lamin-B1	1:Experimental evidence at protein level	7.17	1.0000	0.9990	4	3	4	4	3	4	1998922	1514799	1998922	10K(304.2072), 11K(304.2072), 12K(304.2072), 4K(304.2072), 7K(304.2072), N-term(304.2072)			164819.2773	106062.4951	96443.3994	49659.4082	44557.8945	52351.1187	58749.9448	59805.1475	62292.0967	70704.6592	64857.9951	76006.8809	47021.9683	27875.8586	38475.6050	2267.4280
sp|P21281|VATB2_HUMAN	P21281	VATB2_HUMAN	ATP6V1B2	511	Homo sapiens	V-type proton ATPase subunit B, brain isoform	1:Experimental evidence at protein level	7.24	1.0000	0.9990	3	3	3	3	3	3	1289145	1289145	1289145	11K(304.2072), 15K(304.2072), N-term(304.2072)			64868.8418	50873.0625	59176.3467	27900.1621	19397.0410	21115.2827	38214.8145	39343.3926	45092.3193	43581.2666	34273.5820	46049.6113	21023.0518	18105.8774	19472.6636	0.0000
sp|P21333|FLNA_HUMAN	P21333	FLNA_HUMAN	FLNA	2647	Homo sapiens	Filamin-A	1:Experimental evidence at protein level	4.38	1.0000	0.9990	8	8	8	10	10	10	1835683	1835683	1835683	10K(304.2072), 11C(57.0215), 12K(304.2072), 16K(304.2072), 5K(304.2072), 7K(304.2072), 8K(304.2072), 9K(304.2072), N-term(304.2072)			388753.7578	323248.9541	322725.6260	150334.8159	124690.8267	116195.1265	122787.6079	125307.3247	107741.8716	128341.0918	113392.3374	121270.8213	79335.2614	71251.6241	85416.9817	10023.3917
sp|P21796|VDAC1_HUMAN	P21796	VDAC1_HUMAN	VDAC1	283	Homo sapiens	Voltage-dependent anion-selective channel protein 1	1:Experimental evidence at protein level	52.65	1.0000	0.9990	11	10	11	13	11	13	4578134	4578134	4578134	10K(304.2072), 11K(304.2072), 12K(304.2072), 13K(304.2072), 14K(304.2072), 16K(304.2072), 20K(304.2072), 21K(304.2072), 23K(304.2072), 29K(304.2072), 2K(304.2072), 8C(57.0215), 8K(304.2072), N-term(304.2072), N-term(42.0106)			583029.3809	355722.6826	572831.6152	240880.0786	218419.7715	201553.1030	313494.3428	459981.3848	456085.7578	416741.7881	389723.7217	422577.4062	185741.0493	174892.1313	205339.9268	7548.1343
sp|P22087|FBRL_HUMAN	P22087	FBRL_HUMAN	FBL	321	Homo sapiens	rRNA 2'-O-methyltransferase fibrillarin	1:Experimental evidence at protein level	18.07	1.0000	0.9990	6	5	6	9	8	9	7264509	7264509	7264509	12K(304.2072), 14K(304.2072), 7K(304.2072), 9K(304.2072), N-term(304.2072)			787042.5371	579730.9844	694313.1855	364417.3418	279315.6538	277003.0015	301332.6411	352947.9180	436579.2148	331704.2041	377161.4326	364103.8359	188225.2593	174308.5742	209490.4414	1114.2306
sp|P22234|PUR6_HUMAN	P22234	PUR6_HUMAN	PAICS	425	Homo sapiens	Bifunctional phosphoribosylaminoimidazole carboxylase/phosphoribosylaminoimidazole succinocarboxamide synthetase	1:Experimental evidence at protein level	5.65	1.0000	0.9984	2	2	2	2	2	2	703761	703761	703761	10K(304.2072), 11K(304.2072), 13K(304.2072), 2K(304.2072), N-term(304.2072), N-term(42.0106)			118768.4258	87258.5898	61626.2070	42175.7734	34372.6641	29411.7490	27033.2002	25366.4629	25961.9678	31388.9502	26178.3027	34505.6914	28923.4678	24492.6377	31602.9111	1357.1967
sp|P22314|UBA1_HUMAN	P22314	UBA1_HUMAN	UBA1	1058	Homo sapiens	Ubiquitin-like modifier-activating enzyme 1	1:Experimental evidence at protein level	19.38	1.0000	0.9990	18	18	18	22	22	22	8331766	8331766	8331766	10M(15.9949), 11K(304.2072), 12K(304.2072), 13K(304.2072), 15K(304.2072), 17K(304.2072), 18K(304.2072), 1K(304.2072), 5C(57.0215), 5M(15.9949), 8K(304.2072), N-term(304.2072)			919309.7119	611879.1377	707151.6963	441134.2910	307620.2603	318206.8149	277314.0007	369907.5479	355572.2976	348365.3594	339932.2915	342204.0808	240409.4028	204826.3331	236873.5374	6858.5759
sp|P22626|ROA2_HUMAN	P22626	ROA2_HUMAN	HNRNPA2B1	353	Homo sapiens	Heterogeneous nuclear ribonucleoproteins A2/B1	1:Experimental evidence at protein level	37.68	1.0000	0.9990	12	10	10	14	11	11	4533500	4117805	4533500	15K(304.2072), 20K(304.2072), 2M(15.9949), 3M(15.9949), 8K(304.2072), N-term(304.2072)			256861.9219	172925.7300	216170.2104	104096.5571	103528.8813	104735.7200	119837.6157	145207.6206	171707.8442	151642.3823	162908.1201	135272.7012	100336.5034	78527.0298	99852.7480	2619.6194
sp|P22695|QCR2_HUMAN	P22695	QCR2_HUMAN	UQCRC2	453	Homo sapiens	Cytochrome b-c1 complex subunit 2, mitochondrial	1:Experimental evidence at protein level	11.26	1.0000	0.9990	3	3	3	3	3	3	1111182	1111182	1111182	16K(304.2072), N-term(304.2072)			78012.4185	56214.4048	54268.0586	37559.1057	38720.5740	43125.0227	50226.0801	46214.0942	51260.6108	62429.1650	51608.3462	56234.3599	33768.0979	36616.9944	34456.9729	3946.7959
sp|P23246|SFPQ_HUMAN	P23246	SFPQ_HUMAN	SFPQ	707	Homo sapiens	Splicing factor, proline- and glutamine-rich	1:Experimental evidence at protein level	9.05	1.0000	0.9990	6	6	6	7	7	7	4053143	4053143	4053143	11K(304.2072), 15M(15.9949), 16K(304.2072), 7K(304.2072), 8K(304.2072), N-term(304.2072)			263873.8574	182076.6309	229936.3711	135963.9180	128533.2485	135767.4912	170569.7510	153749.5928	198916.9180	179861.1045	174465.9346	160353.6445	125895.8970	96553.0166	126958.6221	4631.8018
sp|P23284|PPIB_HUMAN	P23284	PPIB_HUMAN	PPIB	216	Homo sapiens	Peptidyl-prolyl cis-trans isomerase B	1:Experimental evidence at protein level	33.80	1.0000	0.9990	7	7	7	7	7	7	3621369	3621369	3621369	11K(304.2072), 12C(57.0215), 13K(304.2072), 14K(304.2072), 2K(304.2072), 3K(304.2072), 5K(304.2072), 6M(15.9949), 7K(304.2072), N-term(304.2072)			749014.2969	321690.9238	595484.9727	206359.8926	153388.7070	189353.6582	207926.0566	277651.5625	310080.8281	253390.5371	276644.6855	264887.9551	181710.0547	144834.9902	171626.9541	14433.5778
sp|P23396|RS3_HUMAN	P23396	RS3_HUMAN	RPS3	243	Homo sapiens	40S ribosomal protein S3	1:Experimental evidence at protein level	33.33	1.0000	0.9990	8	8	8	8	8	8	3345064	3345064	3345064	13K(304.2072), 14K(304.2072), 3M(15.9949), 7K(304.2072), 8K(304.2072), N-term(304.2072)			230225.2720	135258.0779	216394.1318	138788.6504	118149.3188	121966.6636	122249.4268	131093.3623	149384.7407	145935.3101	150905.1941	127836.9097	100052.6123	84846.6738	112866.6284	2380.6665
sp|P23526|SAHH_HUMAN	P23526	SAHH_HUMAN	AHCY	432	Homo sapiens	Adenosylhomocysteinase	1:Experimental evidence at protein level	6.71	1.0000	0.9954	3	3	3	3	3	3	1366961	1366961	1366961	12K(304.2072), 4K(304.2072), N-term(304.2072)			64317.6689	29747.6504	57080.8965	32052.1880	15342.8716	22292.2153	30350.6211	40582.3379	50770.9834	33126.2979	42417.1309	37167.3662	29736.3584	27929.3833	25728.6006	0.0000
sp|P23528|COF1_HUMAN	P23528	COF1_HUMAN	CFL1	166	Homo sapiens	Cofilin-1	1:Experimental evidence at protein level	66.27	1.0000	0.9990	8	5	8	15	6	15	4618649	3707470	4618649	10K(304.2072), 11K(304.2072), 12K(304.2072), 17K(304.2072), 1K(304.2072), 20K(304.2072), 28K(304.2072), 3K(304.2072), 4K(304.2072), 5C(57.0215), 7C(57.0215), 8K(304.2072), N-term(304.2072), N-term(42.0106)			300260.9766	313783.4448	346407.3369	285759.2368	289439.7065	275071.6372	332457.0752	308068.9673	338035.3931	396922.9624	336506.7471	338197.5522	260699.0713	226950.7007	209274.0217	50065.2091
sp|P24539|AT5F1_HUMAN	P24539	AT5F1_HUMAN	ATP5PB	256	Homo sapiens	ATP synthase F(0) complex subunit B1, mitochondrial	1:Experimental evidence at protein level	8.98	1.0000	0.9990	2	2	2	2	2	2	2692536	2692536	2692536	15K(304.2072), 8K(304.2072), N-term(304.2072)			90923.7012	41872.2461	78083.1660	31888.4521	25495.2744	26914.5308	52754.3105	70501.6016	85760.9922	57758.0088	73991.4453	63839.8262	31535.5991	26419.4756	32435.0405	0.0000
sp|P25311|ZA2G_HUMAN	P25311	ZA2G_HUMAN	AZGP1	298	Homo sapiens	Zinc-alpha-2-glycoprotein	1:Experimental evidence at protein level	14.43	1.0000	0.9990	2	2	2	2	2	2	1118299	1118299	1118299	22K(304.2072), N-term(304.2072)			10675.3687	9147.4316	11075.5120	9590.2646	13222.3506	11110.3657	14502.7524	18031.8013	20217.9224	21080.5234	17017.2290	19996.3335	13824.1436	12151.7798	11224.6099	0.0000
sp|P25391|LAMA1_HUMAN	P25391	LAMA1_HUMAN	LAMA1	3075	Homo sapiens	Laminin subunit alpha-1	1:Experimental evidence at protein level	1.82	1.0000	0.9990	6	6	6	6	6	6	3274359	3274359	3274359	13K(304.2072), 1C(57.0215), 2K(304.2072), 9K(304.2072), N-term(304.2072)			133018.1650	118301.0615	208906.3320	61137.4172	63786.9370	62618.0034	212291.1816	174851.8281	190944.4316	156324.9023	153842.3604	145322.7402	76074.6992	82933.4697	58932.7126	0.0000
sp|P25705|ATPA_HUMAN	P25705	ATPA_HUMAN	ATP5F1A	553	Homo sapiens	ATP synthase subunit alpha, mitochondrial	1:Experimental evidence at protein level	43.94	1.0000	0.9990	23	23	23	35	35	35	20419416	20419416	20419416	11K(304.2072), 12K(304.2072), 15K(304.2072), 18K(304.2072), 20K(304.2072), 23K(304.2072), 2K(304.2072), 2M(15.9949), 3K(304.2072), 3M(15.9949), 4K(304.2072), 6M(15.9949), 7K(304.2072), 7M(15.9949), 8K(304.2072), 9K(304.2072), N-term(304.2072)			1247739.8313	1088262.7341	1293796.9092	721521.3904	605557.3892	594808.2793	1104380.8376	1047339.5684	1141501.4644	1279242.9136	1106440.2229	1122875.5403	550791.9888	514054.9807	517155.7313	44274.6050
sp|P25786|PSA1_HUMAN	P25786	PSA1_HUMAN	PSMA1	263	Homo sapiens	Proteasome subunit alpha type-1	1:Experimental evidence at protein level	10.65	1.0000	0.9987	3	3	3	3	3	3	1292344	1292344	1292344	8K(304.2072), 9K(304.2072), N-term(304.2072)			59281.0908	27894.9546	44779.8896	26960.0913	28876.8076	33877.9180	29391.4805	36873.6807	36896.8750	35613.4902	39820.7656	38199.0850	29535.3975	22081.5674	31880.0840	1734.9198
sp|P25787|PSA2_HUMAN	P25787	PSA2_HUMAN	PSMA2	234	Homo sapiens	Proteasome subunit alpha type-2	1:Experimental evidence at protein level	13.25	1.0000	0.9990	2	2	2	2	2	2	798605	798605	798605	11K(304.2072), 12K(304.2072), 19K(304.2072), N-term(304.2072)			48539.9766	30356.5947	35850.0889	21309.4912	20164.9087	16887.1328	25503.7949	29182.0107	26129.8359	30616.0908	26948.4492	32900.2441	16860.0547	18034.9053	18826.5532	1855.2631
sp|P26038|MOES_HUMAN	P26038	MOES_HUMAN	MSN	577	Homo sapiens	Moesin	1:Experimental evidence at protein level	14.56	1.0000	0.9990	9	3	9	9	3	9	2197412	1283749	2197412	10K(304.2072), 11M(15.9949), 12K(304.2072), 1K(304.2072), 2K(304.2072), 4K(304.2072), 6K(304.2072), 7K(304.2072), 8K(304.2072), 9K(304.2072), N-term(304.2072)			534441.3613	354830.9082	442779.8604	173772.2900	170422.3853	125447.8877	134567.1030	138017.6890	151852.4136	167791.9287	160225.5596	171176.2881	103957.9456	86895.0225	110761.0508	12480.8025
sp|P26196|DDX6_HUMAN	P26196	DDX6_HUMAN	DDX6	483	Homo sapiens	Probable ATP-dependent RNA helicase DDX6	1:Experimental evidence at protein level	5.18	1.0000	0.9990	2	2	2	2	2	2	693704	693704	693704	16K(304.2072), N-term(304.2072)			44344.3906	31808.8330	30559.2461	23837.5049	19804.7803	18869.0391	20037.7734	23607.2715	22143.8481	27196.5737	23646.9521	24631.6284	16856.9517	16941.5200	20826.0405	0.0000
sp|P26373|RL13_HUMAN	P26373	RL13_HUMAN	RPL13	211	Homo sapiens	60S ribosomal protein L13	1:Experimental evidence at protein level	18.96	1.0000	0.9988	4	4	4	5	5	5	5673982	5673982	5673982	10K(304.2072), 10M(15.9949), 7K(304.2072), N-term(304.2072)			115070.9844	97118.1816	118426.2090	96881.6680	107117.3887	78359.9443	50438.6235	49620.8047	71671.2344	47466.0117	64386.1357	55359.4492	30905.4927	28838.5811	39013.0757	0.0000
sp|P26641|EF1G_HUMAN	P26641	EF1G_HUMAN	EEF1G	437	Homo sapiens	Elongation factor 1-gamma	1:Experimental evidence at protein level	15.56	1.0000	0.9990	7	7	7	9	9	9	12766735	12766735	12766735	10K(304.2072), 14K(304.2072), 1K(304.2072), 2K(304.2072), 7K(304.2072), 8K(304.2072), 9K(304.2072), N-term(304.2072)			451858.8384	316310.7896	389790.1909	247976.4175	182022.6104	179742.8643	228374.8945	273210.5410	271533.9688	276134.0483	257026.5308	287022.2217	188400.7656	166316.9609	180328.9756	18096.5083
sp|P27348|1433T_HUMAN	P27348	1433T_HUMAN	YWHAQ	245	Homo sapiens	14-3-3 protein theta	1:Experimental evidence at protein level	23.27	1.0000	0.9990	6	4	4	12	5	5	17499325	1242798	17499325	18K(304.2072), 19K(304.2072), 1K(304.2072), 20K(304.2072), 4M(15.9949), 7C(57.0215), 8M(15.9949), 9K(304.2072), N-term(304.2072)			154342.3926	54043.3682	98370.7773	47410.6592	29734.0137	32792.3203	44537.6777	61031.8066	60055.8018	49082.8047	61966.6729	49920.7803	39144.9351	33833.5269	36847.9614	0.0000
sp|P27635|RL10_HUMAN	P27635	RL10_HUMAN	RPL10	214	Homo sapiens	60S ribosomal protein L10	1:Experimental evidence at protein level	27.10	1.0000	0.9989	5	3	5	5	3	5	5462047	958720	5462047	13K(304.2072), 4K(304.2072), 5K(304.2072), 6C(57.0215), 8M(15.9949), 9K(304.2072), 9M(15.9949), N-term(304.2072)			168226.1733	99553.0181	196363.3477	114597.1094	82914.5283	101397.0591	87541.2046	104192.1670	140651.6396	99519.9922	137677.9165	119777.4302	79543.9868	66421.4971	80178.0381	2455.0542
sp|P27824|CALX_HUMAN	P27824	CALX_HUMAN	CANX	592	Homo sapiens	Calnexin	1:Experimental evidence at protein level	12.50	1.0000	0.9990	5	5	5	5	5	5	3645253	3645253	3645253	10K(304.2072), 1K(304.2072), 26C(57.0215), 32K(304.2072), 3K(304.2072), 4K(304.2072), 7K(304.2072), N-term(304.2072)			297331.4531	207858.8564	233367.2344	91382.8398	59563.7051	60927.3394	70452.0918	73531.9146	76046.9604	83258.8633	77149.5571	70383.5786	40353.1650	39945.5676	39732.7168	0.0000
sp|P28482|MK01_HUMAN	P28482	MK01_HUMAN	MAPK1	360	Homo sapiens	Mitogen-activated protein kinase 1	1:Experimental evidence at protein level	10.28	1.0000	0.9990	3	3	3	3	3	3	1247966	1247966	1247966	2K(304.2072), 7K(304.2072), N-term(304.2072)			83771.8599	60082.6445	72740.7646	39950.4819	25971.7322	25947.1162	33802.0591	41989.9341	42113.8608	39926.5381	44458.9126	45166.0654	27662.6672	24309.4141	25528.5522	0.0000
sp|P29401|TKT_HUMAN	P29401	TKT_HUMAN	TKT	623	Homo sapiens	Transketolase	1:Experimental evidence at protein level	38.36	1.0000	0.9990	15	15	15	25	25	25	2985391	2985391	2985391	10K(304.2072), 12K(304.2072), 13K(304.2072), 17K(304.2072), 18C(57.0215), 18K(304.2072), 1K(304.2072), 22K(304.2072), 26K(304.2072), 27K(304.2072), 2K(304.2072), 2M(15.9949), 3C(57.0215), 4C(57.0215), 8K(304.2072), 9K(304.2072), N-term(304.2072)			615348.9897	460252.4346	458763.8015	320623.3301	279239.9160	300172.6394	313989.2329	315291.7383	334950.7515	398283.4844	323182.0015	336180.2466	289976.3911	261919.8521	222932.0007	85215.3910
sp|P29508|SPB3_HUMAN	P29508	SPB3_HUMAN	SERPINB3	390	Homo sapiens	Serpin B3	1:Experimental evidence at protein level	13.08	1.0000	0.9990	5	3	5	5	3	5	2167828	2006386	2167828	10K(304.2072), 14K(304.2072), 2K(304.2072), 7K(304.2072), N-term(304.2072)			48879.7563	33096.4976	51272.1167	39053.3364	79479.2266	45397.0771	66292.4976	98486.9297	98393.6016	100108.9912	101922.2148	135415.5020	93761.5283	81440.8301	117952.9043	1564.2888
sp|P30040|ERP29_HUMAN	P30040	ERP29_HUMAN	ERP29	261	Homo sapiens	Endoplasmic reticulum resident protein 29	1:Experimental evidence at protein level	18.39	1.0000	0.9990	4	4	4	4	4	4	1952573	1952573	1952573	10K(304.2072), 15K(304.2072), 7K(304.2072), N-term(304.2072)			246079.9141	171156.2441	174281.2559	69338.2964	47057.9062	41902.3628	55503.9165	58169.1567	52955.6680	69317.2910	55184.8369	59375.4878	29683.4187	29920.9753	36027.8586	0.0000
sp|P30041|PRDX6_HUMAN	P30041	PRDX6_HUMAN	PRDX6	224	Homo sapiens	Peroxiredoxin-6	1:Experimental evidence at protein level	11.61	1.0000	0.9899	3	3	3	3	3	3	2214599	2214599	2214599	6C(57.0215), 7K(304.2072), N-term(304.2072)			127236.8047	64052.9727	94193.1914	53703.0547	43785.1191	44957.2090	53279.7520	59322.8721	66426.3398	52189.2861	60718.8555	59993.8223	40938.3926	39136.8945	44680.3018	2125.7817
sp|P30048|PRDX3_HUMAN	P30048	PRDX3_HUMAN	PRDX3	256	Homo sapiens	Thioredoxin-dependent peroxide reductase, mitochondrial	1:Experimental evidence at protein level	10.16	1.0000	0.9990	2	2	2	2	2	2	1204836	1204836	1204836	12K(304.2072), N-term(304.2072)			68252.7188	43782.3633	67083.8262	29369.7236	22943.0020	25068.3984	32400.0156	55898.3906	58306.5840	50092.1133	50680.0625	56640.6094	24294.8506	20492.7949	24024.6221	0.0000
sp|P30050|RL12_HUMAN	P30050	RL12_HUMAN	RPL12	165	Homo sapiens	60S ribosomal protein L12	1:Experimental evidence at protein level	33.33	1.0000	0.9990	4	4	4	4	4	4	2495925	2495925	2495925	11C(57.0215), 15K(304.2072), 1C(57.0215), 9K(304.2072), N-term(304.2072)			122910.8809	91196.3789	112049.4229	68039.6973	69751.7476	66222.2637	78997.1353	79576.0210	80889.0332	95092.1748	66277.9736	78591.7568	53647.3418	54658.5405	58303.3931	0.0000
sp|P30084|ECHM_HUMAN	P30084	ECHM_HUMAN	ECHS1	290	Homo sapiens	Enoyl-CoA hydratase, mitochondrial	1:Experimental evidence at protein level	7.59	1.0000	0.9989	2	2	2	2	2	2	1103908	1103908	1103908	13K(304.2072), 9K(304.2072), N-term(304.2072)			129719.5039	56777.9277	91510.0703	40962.9961	28188.1660	33424.7275	38906.0176	58780.2969	60989.9746	41878.6475	52680.8242	49909.9492	34206.0088	30128.0117	33804.2803	0.0000
sp|P30086|PEBP1_HUMAN	P30086	PEBP1_HUMAN	PEBP1	187	Homo sapiens	Phosphatidylethanolamine-binding protein 1	1:Experimental evidence at protein level	19.25	1.0000	0.9828	3	3	3	4	4	4	2265068	2265068	2265068	20K(304.2072), 8K(304.2072), N-term(304.2072)			149356.9873	124499.9492	101811.4111	74098.8789	81317.4395	77359.7656	96762.5195	99670.6934	98990.9023	112548.0859	95670.3633	104122.6465	71437.5928	70491.9092	65395.6396	0.0000
sp|P30101|PDIA3_HUMAN	P30101	PDIA3_HUMAN	PDIA3	505	Homo sapiens	Protein disulfide-isomerase A3	1:Experimental evidence at protein level	30.89	1.0000	0.9990	13	13	13	13	13	13	7311405	7311405	7311405	10K(304.2072), 11K(304.2072), 12K(304.2072), 14K(304.2072), 1K(304.2072), 26K(304.2072), 2K(304.2072), 3K(304.2072), 3M(15.9949), 5K(304.2072), 7K(304.2072), 9K(304.2072), N-term(304.2072)			794888.2227	562223.9785	614849.3203	255989.8506	199693.7910	186013.3516	204459.6279	201650.3740	224831.7812	251073.3896	193810.7207	207492.9131	131898.8408	113131.3477	121403.6143	10382.2299
sp|P31150|GDIA_HUMAN	P31150	GDIA_HUMAN	GDI1	447	Homo sapiens	Rab GDP dissociation inhibitor alpha	1:Experimental evidence at protein level	15.44	1.0000	0.9976	6	3	6	6	3	6	2210994	664616	2210994	11M(15.9949), 2K(304.2072), 4C(57.0215), 9C(57.0215), N-term(304.2072)			180211.3086	114295.7446	134172.8594	72346.9148	60142.6191	62219.3643	73730.1113	85244.8652	77708.0239	95447.3181	90248.8896	86535.2427	59876.9780	54911.3689	63070.0952	1148.5275
sp|P31323|KAP3_HUMAN	P31323	KAP3_HUMAN	PRKAR2B	418	Homo sapiens	cAMP-dependent protein kinase type II-beta regulatory subunit	1:Experimental evidence at protein level	7.66	1.0000	0.9937	4	3	4	4	3	4	1130947	1130947	1130947	10K(304.2072), 13K(304.2072), 2K(304.2072), 8K(304.2072), N-term(304.2072)			125912.8340	100583.7656	110253.1875	66411.7129	46801.9951	48811.9102	63139.6221	80734.0996	77899.0566	80549.1504	69853.2041	85349.3652	46344.4766	42809.4810	49845.7275	1292.3113
sp|P31689|DNJA1_HUMAN	P31689	DNJA1_HUMAN	DNAJA1	397	Homo sapiens	DnaJ homolog subfamily A member 1	1:Experimental evidence at protein level	10.83	1.0000	0.9990	2	2	2	6	6	6	695460	695460	695460	13K(304.2072), 18C(57.0215), 22K(304.2072), 8C(57.0215), N-term(304.2072)			57238.7112	50136.3497	70265.8313	57197.9351	42814.3079	46623.1533	61535.7744	50375.3694	60652.7871	67791.5518	58520.2114	63927.6606	61789.4639	53790.7937	52567.0186	36596.8555
sp|P31942|HNRH3_HUMAN	P31942	HNRH3_HUMAN	HNRNPH3	346	Homo sapiens	Heterogeneous nuclear ribonucleoprotein H3	1:Experimental evidence at protein level	10.12	1.0000	0.9990	3	3	3	3	3	3	1784713	1784713	1784713	12K(304.2072), 3M(15.9949), 9K(304.2072), N-term(304.2072)			190306.1875	113581.0645	102922.4922	48012.5840	35471.9580	32679.3984	45194.2256	53955.6348	52971.6133	52066.5547	51759.8154	50155.8711	30661.1172	24915.9922	33334.0547	0.0000
sp|P31943|HNRH1_HUMAN	P31943	HNRH1_HUMAN	HNRNPH1	449	Homo sapiens	Heterogeneous nuclear ribonucleoprotein H	1:Experimental evidence at protein level	7.57	1.0000	0.9990	2	0	2	3	0	3	1091568	     0	1091568	17K(304.2072), N-term(304.2072)			82195.0449	50301.4121	49899.5635	25920.1089	24645.0059	25472.1587	27357.9634	26876.2944	25208.4834	34282.4521	31046.2783	29160.3691	16013.9849	16832.9556	16368.0278	0.0000
sp|P31944|CASPE_HUMAN	P31944	CASPE_HUMAN	CASP14	242	Homo sapiens	Caspase-14	1:Experimental evidence at protein level	10.33	1.0000	0.9990	2	2	2	3	3	3	2325593	2325593	2325593	13M(15.9949), N-term(304.2072)			61699.7729	53486.2705	77135.2178	70684.0723	76481.7925	75931.6577	70210.2900	100091.7002	91483.3101	94484.3672	98601.0132	120942.1543	84929.1143	83364.3809	96825.2520	1631.2247
sp|P31946|1433B_HUMAN	P31946	1433B_HUMAN	YWHAB	246	Homo sapiens	14-3-3 protein beta/alpha	1:Experimental evidence at protein level	20.73	1.0000	0.9990	4	2	2	9	2	2	18378336	2530499	18378336	19K(304.2072), 20K(304.2072), N-term(304.2072)			67040.8379	33927.1943	50913.5996	26388.1089	22071.5176	23965.7280	30075.9722	32957.7305	32962.0732	34128.3584	34664.4326	38317.3887	23569.3320	20357.9883	23115.2827	0.0000
sp|P32119|PRDX2_HUMAN	P32119	PRDX2_HUMAN	PRDX2	198	Homo sapiens	Peroxiredoxin-2	1:Experimental evidence at protein level	37.37	1.0000	0.9990	10	9	10	16	15	16	17101541	10248469	17101541	10K(304.2072), 13K(304.2072), 1K(304.2072), 8K(304.2072), 9K(304.2072), N-term(304.2072)			986853.2012	440908.8281	581848.1719	313038.1709	244935.5947	230698.4478	248262.4004	415315.9658	338192.0439	338919.2695	290890.1577	369568.6465	239541.2119	217119.8418	256536.8633	1289.9952
sp|P35232|PHB1_HUMAN	P35232	PHB1_HUMAN	PHB1	272	Homo sapiens	Prohibitin 1	1:Experimental evidence at protein level	37.87	1.0000	0.9990	10	10	10	12	12	12	6112132	6112132	6112132	11K(304.2072), 12K(304.2072), 1K(304.2072), 7K(304.2072), 9K(304.2072), N-term(304.2072)			485347.2363	280221.6670	447341.6475	186876.3770	158047.7656	174141.7056	335173.8428	340106.6094	415311.7461	400436.0146	373518.5840	351908.6777	135717.1880	117589.6650	127628.6907	2299.6113
sp|P35268|RL22_HUMAN	P35268	RL22_HUMAN	RPL22	128	Homo sapiens	60S ribosomal protein L22	1:Experimental evidence at protein level	19.53	1.0000	0.9990	2	2	2	2	2	2	2264629	2264629	2264629	11K(304.2072), N-term(304.2072)			67301.3398	56609.8223	74866.6367	55016.5059	43497.3262	55492.1133	62334.6855	62257.6387	68396.3477	66848.8184	60713.7383	58634.1250	40575.9238	36089.8467	36517.6289	0.0000
sp|P35579|MYH9_HUMAN	P35579	MYH9_HUMAN	MYH9	1960	Homo sapiens	Myosin-9	1:Experimental evidence at protein level	9.49	1.0000	0.9989	19	12	19	19	12	19	4101212	1970084	4101212	11K(304.2072), 12K(304.2072), 15K(304.2072), 19K(304.2072), 1K(304.2072), 2C(57.0215), 3C(57.0215), 3K(304.2072), 4C(57.0215), 6K(304.2072), 6M(15.9949), 7K(304.2072), 7M(15.9949), 8C(57.0215), 8K(304.2072), 9K(304.2072), N-term(304.2072)			480552.1064	352154.4387	683108.6768	300240.2896	255139.6003	298954.3301	231659.1914	252290.4160	251342.3867	241299.7759	257531.5088	252204.0020	214368.6108	188875.4185	241951.3403	8016.7867
sp|P35580|MYH10_HUMAN	P35580	MYH10_HUMAN	MYH10	1976	Homo sapiens	Myosin-10	1:Experimental evidence at protein level	4.00	1.0000	0.9990	9	3	3	9	3	3	3863498	1216173	3863498	14K(304.2072), 1K(304.2072), 7K(304.2072), 8K(304.2072), N-term(304.2072)			113816.5312	50864.4990	106579.9473	46265.0557	43086.9678	45942.8184	44280.9277	51023.9307	56701.2017	48757.0469	57680.5400	50432.9248	47288.4932	37377.9160	39530.8745	0.0000
sp|P35637|FUS_HUMAN	P35637	FUS_HUMAN	FUS	526	Homo sapiens	RNA-binding protein FUS	1:Experimental evidence at protein level	7.60	1.0000	0.9990	2	2	2	2	2	2	2377321	2377321	2377321	16K(304.2072), 16M(15.9949), 2K(304.2072), 3K(304.2072), N-term(304.2072)			64972.6777	32837.5200	55601.3398	35045.7334	25346.6597	32984.6631	37182.6250	46121.4912	54123.6035	54068.9854	47910.3057	49898.6553	31534.0039	24136.8999	30739.4766	0.0000
sp|P36542|ATPG_HUMAN	P36542	ATPG_HUMAN	ATP5F1C	298	Homo sapiens	ATP synthase subunit gamma, mitochondrial	1:Experimental evidence at protein level	19.46	1.0000	0.9990	3	3	3	7	7	7	2065718	2065718	2065718	12K(304.2072), 1K(304.2072), 31K(304.2072), 5M(15.9949), 8K(304.2072), N-term(304.2072)			122339.4712	108862.3638	116446.0825	61626.5576	68218.2910	54792.5991	84823.9585	78792.6667	94841.6348	95098.2388	84088.1143	83293.9026	52385.1597	47888.0295	39357.5813	10816.6172
sp|P36578|RL4_HUMAN	P36578	RL4_HUMAN	RPL4	427	Homo sapiens	60S ribosomal protein L4	1:Experimental evidence at protein level	19.67	1.0000	0.9990	8	8	8	9	9	9	2958351	2958351	2958351	10C(57.0215), 11K(304.2072), 14K(304.2072), 15K(304.2072), 19K(304.2072), 20K(304.2072), 3K(304.2072), 4C(57.0215), 7K(304.2072), 8K(304.2072), 9M(15.9949), N-term(304.2072)			420542.0996	245099.2637	337969.4839	209108.0708	168533.4082	175938.1836	126175.9399	144659.3501	191028.6675	127896.8130	160819.8657	147730.3965	87846.2627	81313.2354	97437.1782	1228.8619
sp|P36957|ODO2_HUMAN	P36957	ODO2_HUMAN	DLST	453	Homo sapiens	Dihydrolipoyllysine-residue succinyltransferase component of 2-oxoglutarate dehydrogenase complex, mitochondrial	1:Experimental evidence at protein level	9.71	1.0000	0.9988	5	5	5	5	5	5	2917367	2917367	2917367	7K(304.2072), 8K(304.2072), N-term(304.2072)			162176.1309	114593.6611	156546.7266	61209.5098	49793.7671	49667.3843	99892.7188	98929.2100	110605.4854	96122.2471	90797.8555	91111.1797	44621.3638	36854.9658	39182.2070	0.0000
sp|P37837|TALDO_HUMAN	P37837	TALDO_HUMAN	TALDO1	337	Homo sapiens	Transaldolase	1:Experimental evidence at protein level	14.54	1.0000	0.9990	4	4	4	6	6	6	1181512	1181512	1181512	15K(304.2072), 16K(304.2072), 5K(304.2072), 7K(304.2072), 8K(304.2072), 9K(304.2072), N-term(304.2072)			151958.6279	173222.6211	121154.8848	106033.8057	95437.0479	98527.2090	101289.2168	90269.4834	102987.8652	128553.1318	106056.6611	116804.0586	112910.1626	98648.4409	77369.9287	50646.1523
sp|P38159|RBMX_HUMAN	P38159	RBMX_HUMAN	RBMX	391	Homo sapiens	RNA-binding motif protein, X chromosome	1:Experimental evidence at protein level	23.79	1.0000	0.9990	11	7	11	12	8	12	7681662	7681662	7681662	3K(304.2072), 6K(304.2072), 7M(15.9949), 8K(304.2072), 9K(304.2072), N-term(304.2072), N-term(42.0106)			328424.9727	199027.1543	326192.6025	222813.8940	239581.9419	249681.3535	179229.6836	169360.9746	245875.8906	213386.4355	205454.5913	183607.1270	205278.1084	152829.0015	283636.6055	2243.1333
sp|P38606|VATA_HUMAN	P38606	VATA_HUMAN	ATP6V1A	617	Homo sapiens	V-type proton ATPase catalytic subunit A	1:Experimental evidence at protein level	5.83	1.0000	0.9989	3	3	3	3	3	3	1168441	1168441	1168441	15K(304.2072), 8K(304.2072), 9K(304.2072), N-term(304.2072)			68177.9141	54653.5093	70359.7207	28244.7690	21817.9373	20533.3408	35281.5259	33900.5869	36767.0000	36758.5161	32361.7163	32738.6379	18692.2830	18816.6423	16110.6304	0.0000
sp|P38646|GRP75_HUMAN	P38646	GRP75_HUMAN	HSPA9	679	Homo sapiens	Stress-70 protein, mitochondrial	1:Experimental evidence at protein level	15.32	1.0000	0.9990	6	6	6	11	11	11	4117152	4117152	4117152	12K(304.2072), 14K(304.2072), 16K(304.2072), 20K(304.2072), 41K(304.2072), 9K(304.2072), N-term(304.2072)			227665.1724	213712.5874	217518.7061	119215.5938	88975.6479	89204.8254	131101.5933	145311.0396	153760.9575	148441.7021	154642.3682	146621.5830	88867.6990	81291.4077	68632.6328	24774.4106
sp|P39019|RS19_HUMAN	P39019	RS19_HUMAN	RPS19	145	Homo sapiens	40S ribosomal protein S19	1:Experimental evidence at protein level	29.66	1.0000	0.9990	4	4	4	4	4	4	1071035	1071035	1071035	11K(304.2072), 2K(304.2072), 7K(304.2072), 8K(304.2072), 9K(304.2072), N-term(304.2072)			62029.6191	80633.2285	68901.5098	61566.6807	79580.6250	68792.2588	67439.6699	43998.2139	52687.8086	67092.6035	44043.2119	54632.6602	34605.7676	35966.1597	41289.3340	0.0000
sp|P39656|OST48_HUMAN	P39656	OST48_HUMAN	DDOST	456	Homo sapiens	Dolichyl-diphosphooligosaccharide--protein glycosyltransferase 48 kDa subunit	1:Experimental evidence at protein level	8.11	1.0000	0.9990	4	4	4	5	5	5	2087991	2087991	2087991	11K(304.2072), 4K(304.2072), 7K(304.2072), N-term(304.2072)			191342.2656	138266.7949	214905.3418	133200.9688	112058.0215	122318.6875	142300.2949	133913.2207	146169.2461	149590.1270	139417.4658	154308.8477	85572.8584	90422.1943	101009.9688	4200.4818
sp|P40227|TCPZ_HUMAN	P40227	TCPZ_HUMAN	CCT6A	531	Homo sapiens	T-complex protein 1 subunit zeta	1:Experimental evidence at protein level	13.75	1.0000	0.9990	7	6	7	9	8	9	2979426	1707832	2979426	10K(304.2072), 12K(304.2072), 16K(304.2072), 17K(304.2072), 1K(304.2072), 2M(15.9949), 9K(304.2072), N-term(304.2072)			307076.7866	240175.5312	253511.1787	158270.3413	98781.3716	126865.6899	157738.6475	161221.3506	153155.1475	174650.4780	157605.9111	165421.6719	106172.8755	99222.9248	104093.7651	39969.9896
sp|P40429|RL13A_HUMAN	P40429	RL13A_HUMAN	RPL13A	203	Homo sapiens	60S ribosomal protein L13a	1:Experimental evidence at protein level	17.73	1.0000	0.9989	4	3	4	4	3	4	3505586	3505586	3505586	11K(304.2072), 12K(304.2072), 3K(304.2072), 7K(304.2072), 8K(304.2072), 9K(304.2072), N-term(304.2072)			155066.1328	92407.9756	144850.8398	91530.5059	64570.2266	81077.6719	68257.9287	83886.1611	122115.0820	78189.4321	104722.0654	93226.2197	53235.2686	49553.2334	49271.4141	4350.9291
sp|P40925|MDHC_HUMAN	P40925	MDHC_HUMAN	MDH1	334	Homo sapiens	Malate dehydrogenase, cytoplasmic	1:Experimental evidence at protein level	16.47	1.0000	0.9990	4	4	4	5	5	5	3113481	3113481	3113481	11K(304.2072), 12C(57.0215), 17K(304.2072), 7K(304.2072), 8K(304.2072), N-term(304.2072)			136047.0410	98815.8096	104854.6670	72483.2339	68831.4927	80433.5200	118832.5322	102977.0654	106722.2871	137227.3936	108259.7373	112019.2275	89304.7549	83122.6646	81309.8525	1308.7429
sp|P40926|MDHM_HUMAN	P40926	MDHM_HUMAN	MDH2	338	Homo sapiens	Malate dehydrogenase, mitochondrial	1:Experimental evidence at protein level	28.40	1.0000	0.9990	7	7	7	8	8	8	14508860	14508860	14508860	10K(304.2072), 11C(57.0215), 12K(304.2072), 13K(304.2072), 15C(57.0215), 22K(304.2072), 6C(57.0215), 7K(304.2072), 9K(304.2072), N-term(304.2072)			291570.3438	169333.4980	248061.6025	104025.5298	84122.3110	90019.1528	245581.4697	269296.6074	291426.7637	250510.9453	223425.6489	230363.7051	88125.7927	77594.6968	85266.0034	0.0000
sp|P40939|ECHA_HUMAN	P40939	ECHA_HUMAN	HADHA	763	Homo sapiens	Trifunctional enzyme subunit alpha, mitochondrial	1:Experimental evidence at protein level	6.03	1.0000	0.9989	5	5	5	5	5	5	1053876	1053876	1053876	12K(304.2072), 15K(304.2072), 3K(304.2072), 8K(304.2072), 9K(304.2072), N-term(304.2072)			170675.3926	116393.6484	177341.8613	74089.7563	53621.9731	54229.5703	72969.5947	69617.1343	98149.6543	74252.0117	85511.6338	79489.4995	46530.8950	37664.4556	48568.7100	1940.2472
sp|P42166|LAP2A_HUMAN	P42166	LAP2A_HUMAN	TMPO	694	Homo sapiens	Lamina-associated polypeptide 2, isoform alpha	1:Experimental evidence at protein level	8.21	1.0000	0.9990	3	3	3	3	3	3	1795674	1795674	1795674	2K(304.2072), N-term(304.2072)			99559.3750	61651.7100	52600.4121	33701.4893	33758.4746	29874.3594	38197.4512	39682.0195	33997.7271	54212.1299	45467.4888	49059.3486	28592.8545	18942.4988	39344.1094	0.0000
sp|P42330|AK1C3_HUMAN	P42330	AK1C3_HUMAN	AKR1C3	323	Homo sapiens	Aldo-keto reductase family 1 member C3	1:Experimental evidence at protein level	39.63	1.0000	0.9990	10	4	9	27	10	23	2978296	1865604	2978296	10C(57.0215), 17K(304.2072), 2K(304.2072), 5C(57.0215), 7K(304.2072), 7M(15.9949), 8K(304.2072), 9C(57.0215), 9K(304.2072), N-term(304.2072)			409071.4019	414005.9189	394026.3418	381407.5762	342882.5518	337167.2412	342537.2588	319542.9688	381822.8333	396153.0151	342023.8235	373620.2629	338118.7788	308160.1494	249881.8640	152657.9188
sp|P42704|LPPRC_HUMAN	P42704	LPPRC_HUMAN	LRPPRC	1394	Homo sapiens	Leucine-rich PPR motif-containing protein, mitochondrial	1:Experimental evidence at protein level	3.23	1.0000	0.9981	4	4	4	4	4	4	2267072	2267072	2267072	12K(304.2072), 2K(304.2072), 6K(304.2072), 8K(304.2072), N-term(304.2072)			86885.1973	94992.1738	104165.9102	44500.6504	36514.3706	32946.4736	66208.6377	66032.0098	93066.0430	72080.0469	99021.4141	75362.9082	27171.4189	25322.2329	22298.1279	0.0000
sp|P42766|RL35_HUMAN	P42766	RL35_HUMAN	RPL35	123	Homo sapiens	60S ribosomal protein L35	1:Experimental evidence at protein level	18.70	1.0000	0.9990	2	2	2	2	2	2	1844901	1844901	1844901	10K(304.2072), 6K(304.2072), N-term(304.2072)			71717.6406	48390.6924	95795.1445	55488.4062	55909.3301	57352.6621	37205.3711	37100.2949	53672.2129	36155.0117	52412.6465	41750.4434	37083.2969	27258.6416	37986.8740	0.0000
sp|P43034|LIS1_HUMAN	P43034	LIS1_HUMAN	PAFAH1B1	410	Homo sapiens	Platelet-activating factor acetylhydrolase IB subunit beta	1:Experimental evidence at protein level	11.71	1.0000	0.9990	4	4	4	4	4	4	1881249	1881249	1881249	12K(304.2072), 13K(304.2072), 15K(304.2072), 7K(304.2072), N-term(304.2072)			181642.1309	79110.3896	152987.6260	63076.9722	43207.6931	57811.1929	75722.8076	113237.9395	113793.3867	101414.0098	109544.5225	100429.8252	63051.1245	50060.9131	61854.2319	0.0000
sp|P43243|MATR3_HUMAN	P43243	MATR3_HUMAN	MATR3	847	Homo sapiens	Matrin-3	1:Experimental evidence at protein level	4.96	1.0000	0.9990	4	4	4	5	5	5	1678346	1678346	1678346	17K(304.2072), 5M(15.9949), 6K(304.2072), 7K(304.2072), N-term(304.2072)			193917.6113	100827.4805	127360.2568	59651.3887	49945.5054	52248.2886	57827.5977	80515.1836	89526.5645	76209.8311	82193.6357	69243.1348	43991.0864	37294.6367	46751.4072	1717.0105
sp|P45880|VDAC2_HUMAN	P45880	VDAC2_HUMAN	VDAC2	294	Homo sapiens	Voltage-dependent anion-selective channel protein 2	1:Experimental evidence at protein level	28.91	1.0000	0.9990	6	6	6	11	11	11	8808564	8808564	8808564	10K(304.2072), 12K(304.2072), 19K(304.2072), 20K(304.2072), 27K(304.2072), 2C(57.0215), 8K(304.2072), N-term(304.2072)			467370.7930	345858.5820	524451.3125	272852.0459	223976.2231	227238.8423	414218.0654	428385.6709	450410.9141	506453.9238	443412.7676	481451.1836	195925.6582	186468.2681	192521.5156	9402.2640
sp|P46776|RL27A_HUMAN	P46776	RL27A_HUMAN	RPL27A	148	Homo sapiens	60S ribosomal protein L27a	1:Experimental evidence at protein level	8.78	1.0000	0.9990	2	2	2	2	2	2	2993222	2993222	2993222	2K(304.2072), N-term(304.2072)			137478.9141	138060.1719	175541.3125	128292.8555	95018.9512	108046.0703	84988.6016	75259.6523	90280.6680	90472.2148	85574.9531	88749.5977	55559.5332	47377.5840	61379.4219	2057.9690
sp|P46777|RL5_HUMAN	P46777	RL5_HUMAN	RPL5	297	Homo sapiens	60S ribosomal protein L5	1:Experimental evidence at protein level	11.45	1.0000	0.9990	4	4	4	4	4	4	2856821	2856821	2856821	12K(304.2072), 6K(304.2072), 7K(304.2072), N-term(304.2072)			311701.9512	135081.5518	213761.8545	151141.8320	117868.1543	128465.8271	95115.7139	107294.2285	136943.5947	92633.1274	125277.4277	108440.1201	79525.0601	68738.0464	103185.5430	3078.9196
sp|P46779|RL28_HUMAN	P46779	RL28_HUMAN	RPL28	137	Homo sapiens	60S ribosomal protein L28	1:Experimental evidence at protein level	21.17	1.0000	0.9893	4	4	4	4	4	4	3523264	3523264	3523264	2C(57.0215), 7K(304.2072), 8K(304.2072), N-term(304.2072)			149997.0742	93528.5859	139497.7578	109746.5586	107941.4033	100186.7285	92411.5645	85880.2715	109508.7637	91116.1875	92466.0332	91107.2852	75960.3564	68695.1875	71527.7627	5814.0984
sp|P46781|RS9_HUMAN	P46781	RS9_HUMAN	RPS9	194	Homo sapiens	40S ribosomal protein S9	1:Experimental evidence at protein level	32.47	1.0000	0.9980	8	8	8	11	11	11	5236087	5236087	5236087	1K(304.2072), 7K(304.2072), 8K(304.2072), N-term(304.2072)			525727.5791	251711.4531	484819.9209	283247.1621	207159.3716	253631.0273	217436.1328	280569.0430	344748.6035	241062.8018	321923.1719	275126.7412	204309.6685	167897.9561	206919.9897	14778.2749
sp|P46783|RS10_HUMAN	P46783	RS10_HUMAN	RPS10	165	Homo sapiens	40S ribosomal protein S10	1:Experimental evidence at protein level	30.91	1.0000	0.9982	5	3	5	7	4	7	2088531	1902839	2088531	10K(304.2072), 8M(15.9949), 9K(304.2072), N-term(304.2072)			176849.7061	121902.0439	156177.6719	92587.9536	85570.5825	76769.8662	79759.5459	82519.0420	98687.9932	106410.3569	84534.9019	81493.8345	54737.3252	51544.7485	68700.6353	3489.3848
sp|P46821|MAP1B_HUMAN	P46821	MAP1B_HUMAN	MAP1B	2468	Homo sapiens	Microtubule-associated protein 1B	1:Experimental evidence at protein level	5.96	1.0000	0.9990	10	9	10	12	11	12	3006904	3006904	3006904	10K(304.2072), 11K(304.2072), 12K(304.2072), 14K(304.2072), 18K(304.2072), 19K(304.2072), 26K(304.2072), 3K(304.2072), 5K(304.2072), 6C(57.0215), 8K(304.2072), 9K(304.2072), N-term(304.2072)			232374.7734	217631.9507	278814.8271	129469.3879	116790.4116	118165.8855	154683.4600	139333.4138	163118.2061	170247.0938	155880.5693	141815.0796	97140.6855	89740.1072	98846.6980	1464.9822
sp|P48047|ATPO_HUMAN	P48047	ATPO_HUMAN	ATP5PO	213	Homo sapiens	ATP synthase subunit O, mitochondrial	1:Experimental evidence at protein level	42.25	1.0000	0.9990	9	9	9	13	13	13	6603145	6603145	6603145	10K(304.2072), 3K(304.2072), 4M(15.9949), 6K(304.2072), 7K(304.2072), 8K(304.2072), 9K(304.2072), 9M(15.9949), N-term(304.2072)			386952.8086	341675.8154	424954.1582	224503.0635	189775.5767	178349.8032	453610.7373	357068.6553	443515.5400	571535.7744	413018.7725	413441.9922	171039.6724	138859.6553	158900.1440	5118.8743
sp|P48643|TCPE_HUMAN	P48643	TCPE_HUMAN	CCT5	541	Homo sapiens	T-complex protein 1 subunit epsilon	1:Experimental evidence at protein level	14.97	1.0000	0.9989	5	5	5	5	5	5	1258550	1258550	1258550	13M(15.9949), 15K(304.2072), 18K(304.2072), 19K(304.2072), 1K(304.2072), 24K(304.2072), 28K(304.2072), 2M(15.9949), 3M(15.9949), 6K(304.2072), 7K(304.2072), 8K(304.2072), N-term(304.2072), N-term(42.0106)			90224.4863	88036.6104	69094.5220	46627.4736	41050.7388	38350.3921	49211.6318	46321.8765	46904.9329	59758.1416	39074.1909	51178.6938	28495.8428	25336.9478	31227.2295	3330.4844
sp|P48681|NEST_HUMAN	P48681	NEST_HUMAN	NES	1621	Homo sapiens	Nestin	1:Experimental evidence at protein level	1.60	1.0000	0.9928	3	3	3	3	3	3	1160309	1160309	1160309	9K(304.2072), N-term(304.2072)			138457.9062	101426.8594	79543.2012	31810.9341	23506.7456	25719.5483	28053.8599	34638.8882	27492.9814	40493.2471	32193.9966	33585.7500	17764.6013	22078.6763	18726.6421	0.0000
sp|P48735|IDHP_HUMAN	P48735	IDHP_HUMAN	IDH2	452	Homo sapiens	Isocitrate dehydrogenase [NADP], mitochondrial	1:Experimental evidence at protein level	22.57	1.0000	0.9990	9	7	9	10	8	10	2516488	1881528	2516488	11K(304.2072), 11M(15.9949), 13K(304.2072), 16K(304.2072), 26K(304.2072), 2C(57.0215), 4M(15.9949), 5C(57.0215), 5K(304.2072), 7K(304.2072), N-term(304.2072)			253207.6221	176277.6313	231120.1572	142488.3445	121417.0801	130405.5537	188656.3330	197486.8564	247520.6543	215468.5454	232944.4121	204039.0776	120344.6465	105789.9868	115501.7307	0.0000
sp|P49189|AL9A1_HUMAN	P49189	AL9A1_HUMAN	ALDH9A1	494	Homo sapiens	4-trimethylaminobutyraldehyde dehydrogenase	1:Experimental evidence at protein level	4.86	1.0000	0.9958	2	2	2	2	2	2	659512	659512	659512	12K(304.2072), 2K(304.2072), 5K(304.2072), N-term(304.2072)			68756.1445	51449.2139	61993.3320	28208.7412	20162.5471	22974.7314	30584.2676	39929.5420	38051.3252	37016.8652	34669.5322	41499.0752	14321.8342	16486.1978	18108.5640	0.0000
sp|P49327|FAS_HUMAN	P49327	FAS_HUMAN	FASN	2511	Homo sapiens	Fatty acid synthase	1:Experimental evidence at protein level	2.95	1.0000	0.9990	6	5	6	7	6	7	1534135	1364291	1534135	11K(304.2072), 6K(304.2072), N-term(304.2072)			165991.7378	117667.2090	136765.4526	88817.0049	71420.3442	73201.6035	71419.5249	77627.6821	83117.3806	83763.0605	85241.3711	77310.0239	69371.2886	62151.3345	69071.2117	13040.9983
sp|P49368|TCPG_HUMAN	P49368	TCPG_HUMAN	CCT3	545	Homo sapiens	T-complex protein 1 subunit gamma	1:Experimental evidence at protein level	12.84	1.0000	0.9942	6	6	6	6	6	6	1402070	1402070	1402070	10K(304.2072), 11K(304.2072), 13C(57.0215), 23K(304.2072), 24K(304.2072), 3K(304.2072), 5M(15.9949), N-term(304.2072)			80512.3135	64641.7910	72787.7510	42977.1265	28225.3506	29928.6270	41471.7446	48846.2642	42846.4697	48626.0117	45748.0728	43153.6299	27941.2212	25099.4768	25669.8125	0.0000
sp|P49411|EFTU_HUMAN	P49411	EFTU_HUMAN	TUFM	455	Homo sapiens	Elongation factor Tu, mitochondrial	1:Experimental evidence at protein level	18.90	1.0000	0.9990	7	6	7	9	7	9	6977220	4345817	6977220	11K(304.2072), 2K(304.2072), 3K(304.2072), 4K(304.2072), 8M(15.9949), 9K(304.2072), N-term(304.2072)			219900.1885	198076.5947	199687.2329	114158.6426	102519.0557	110008.4380	183757.0840	173194.6670	195051.2485	173818.8569	176358.3037	170895.8325	79093.4688	78754.1350	78644.4009	0.0000
sp|P49750|YLPM1_HUMAN	P49750	YLPM1_HUMAN	YLPM1	2146	Homo sapiens	YLP motif-containing protein 1	1:Experimental evidence at protein level	1.82	1.0000	0.9989	3	3	3	3	3	3	850502	850502	850502	10K(304.2072), 22K(304.2072), 9K(304.2072), N-term(304.2072)			41417.4043	26811.0342	24381.4902	18475.4819	8237.6638	16653.2593	19601.5332	15899.2510	17729.1816	15153.6758	16782.7534	14582.6138	15350.2075	7450.3118	15165.7593	0.0000
sp|P50454|SERPH_HUMAN	P50454	SERPH_HUMAN	SERPINH1	418	Homo sapiens	Serpin H1	1:Experimental evidence at protein level	20.57	1.0000	0.9990	7	7	7	7	7	7	2438860	2438860	2438860	11K(304.2072), 13K(304.2072), 15K(304.2072), 6M(15.9949), 8K(304.2072), N-term(304.2072)			358293.3916	231971.8052	357346.4082	187141.3281	146366.3604	175437.0483	174320.2715	194267.1694	199295.4668	201721.5249	183909.7383	208757.9473	141884.0229	129101.6240	145951.5552	4221.6464
sp|P50990|TCPQ_HUMAN	P50990	TCPQ_HUMAN	CCT8	548	Homo sapiens	T-complex protein 1 subunit theta	1:Experimental evidence at protein level	21.17	1.0000	0.9990	9	9	9	9	9	9	3689831	3689831	3689831	10K(304.2072), 14K(304.2072), 15K(304.2072), 16K(304.2072), 18K(304.2072), 19K(304.2072), 9C(57.0215), 9K(304.2072), N-term(304.2072)			383910.4688	298670.0039	305217.3223	122163.6396	79162.7256	72730.2085	106233.8242	128032.0122	123991.8999	116989.4395	116859.9648	117358.6348	67389.9014	61081.9678	70312.2495	3141.9481
sp|P50991|TCPD_HUMAN	P50991	TCPD_HUMAN	CCT4	539	Homo sapiens	T-complex protein 1 subunit delta	1:Experimental evidence at protein level	5.38	1.0000	0.9979	3	3	3	3	3	3	1667525	1667525	1667525	8K(304.2072), N-term(304.2072)			101641.5488	62030.8740	75989.7910	38325.9424	34142.6699	29301.3066	39607.9463	54805.9902	48560.5410	50019.1602	48884.9258	49272.3125	30375.9873	24855.6733	31180.3154	2181.5078
sp|P51149|RAB7A_HUMAN	P51149	RAB7A_HUMAN	RAB7A	207	Homo sapiens	Ras-related protein Rab-7a	1:Experimental evidence at protein level	19.32	1.0000	0.9990	4	4	4	4	4	4	4306960	4306960	4306960	10K(304.2072), 11K(304.2072), 5C(57.0215), 8K(304.2072), N-term(304.2072)			246098.1172	180468.8730	230505.0352	113634.1309	106640.9570	83479.7656	126342.0430	126548.7168	138441.7461	147416.9492	123522.4062	138559.7012	69217.7510	67051.2480	71724.9004	0.0000
sp|P51572|BAP31_HUMAN	P51572	BAP31_HUMAN	BCAP31	246	Homo sapiens	B-cell receptor-associated protein 31	1:Experimental evidence at protein level	13.01	1.0000	0.9990	3	3	3	3	3	3	3949583	3949583	3949583	17K(304.2072), 2K(304.2072), 8K(304.2072), 9K(304.2072), N-term(304.2072)			114220.7773	104451.0957	110341.8691	56272.9814	47994.6016	46263.9009	69709.4746	71759.7393	70329.9893	89244.5020	62429.8652	69834.2168	46162.9531	36899.9863	41871.0459	2807.7959
sp|P51659|DHB4_HUMAN	P51659	DHB4_HUMAN	HSD17B4	736	Homo sapiens	Peroxisomal multifunctional enzyme type 2	1:Experimental evidence at protein level	13.72	1.0000	0.9990	7	7	7	7	7	7	1582679	1582679	1582679	13K(304.2072), 16K(304.2072), 7K(304.2072), N-term(304.2072)			186587.2266	130772.4668	153807.6807	82336.7188	74558.3003	69627.4453	78331.0400	78034.4624	92183.2993	95246.2476	80379.6533	91609.0532	55674.0483	47795.0791	59770.8286	0.0000
sp|P51991|ROA3_HUMAN	P51991	ROA3_HUMAN	HNRNPA3	378	Homo sapiens	Heterogeneous nuclear ribonucleoprotein A3	1:Experimental evidence at protein level	10.85	1.0000	0.9990	6	4	4	7	4	4	2043913	1816933	2043913	10M(15.9949), 21K(304.2072), 3K(304.2072), 7K(304.2072), 7M(15.9949), N-term(304.2072)			145555.1001	87841.8633	123166.0483	70141.6973	72040.5415	78059.1958	91381.2461	96265.7202	110250.7568	106574.1909	103559.8218	96982.2964	72418.1528	66775.1768	68954.5576	2377.3555
sp|P52209|6PGD_HUMAN	P52209	6PGD_HUMAN	PGD	483	Homo sapiens	6-phosphogluconate dehydrogenase, decarboxylating	1:Experimental evidence at protein level	37.89	1.0000	0.9990	13	13	13	18	18	18	4198216	4198216	4198216	10K(304.2072), 11K(304.2072), 12K(304.2072), 14K(304.2072), 18K(304.2072), 1C(57.0215), 21K(304.2072), 2K(304.2072), 4K(304.2072), 6K(304.2072), 6M(15.9949), 7C(57.0215), 7K(304.2072), 8C(57.0215), 8K(304.2072), 9K(304.2072), N-term(304.2072)			779256.3672	457690.6372	598188.5903	428482.8130	326758.1577	358947.3252	365797.9929	381499.8564	418112.6997	417384.1499	414330.3469	404081.6653	369504.7939	317750.7793	332081.9795	128802.5114
sp|P52272|HNRPM_HUMAN	P52272	HNRPM_HUMAN	HNRNPM	730	Homo sapiens	Heterogeneous nuclear ribonucleoprotein M	1:Experimental evidence at protein level	4.79	1.0000	0.9990	3	3	3	3	3	3	2459724	2459724	2459724	10K(304.2072), 7K(304.2072), N-term(304.2072)			173077.0820	109795.4727	119366.0645	59279.9277	47418.3711	45244.9805	56081.1807	63940.9375	57640.0098	61030.9922	61069.7402	57075.6211	33066.9180	27994.6079	35836.4839	0.0000
sp|P52895|AK1C2_HUMAN	P52895	AK1C2_HUMAN	AKR1C2	323	Homo sapiens	Aldo-keto reductase family 1 member C2	1:Experimental evidence at protein level	47.37	1.0000	0.9990	12	3	9	43	8	36	21686389	2320408	21686389	10C(57.0215), 12K(304.2072), 17K(304.2072), 19K(304.2072), 22K(304.2072), 27K(304.2072), 2K(304.2072), 32K(304.2072), 5C(57.0215), 7M(15.9949), 8K(304.2072), 9C(57.0215), N-term(304.2072)			571012.6157	540561.5166	441805.4749	459425.4199	445580.5972	497833.3442	447504.7888	395837.8728	500385.9053	541140.2666	441011.2717	450848.8284	468697.8027	455392.1069	329003.1699	247082.9653
sp|P52943|CRIP2_HUMAN	P52943	CRIP2_HUMAN	CRIP2	208	Homo sapiens	Cysteine-rich protein 2	1:Experimental evidence at protein level	27.88	1.0000	0.9990	3	3	3	5	5	5	1533444	1533444	1533444	14K(304.2072), 19K(304.2072), 7K(304.2072), N-term(304.2072)			117052.8618	78339.3740	119570.3789	51843.9397	48052.4648	45344.6973	53863.3748	77820.0161	80040.0996	73068.7446	72701.0854	65172.3540	41672.3352	34278.2017	38810.7812	0.0000
sp|P55072|TERA_HUMAN	P55072	TERA_HUMAN	VCP	806	Homo sapiens	Transitional endoplasmic reticulum ATPase	1:Experimental evidence at protein level	14.27	1.0000	0.9990	8	8	8	8	8	8	2938931	2938931	2938931	10C(57.0215), 14K(304.2072), 15K(304.2072), 17K(304.2072), 18K(304.2072), 1K(304.2072), 4M(15.9949), 7K(304.2072), N-term(304.2072), N-term(42.0106)			259499.1055	173117.9971	165984.1826	86845.3906	64077.7217	64156.3979	72240.9927	81482.4277	75953.9883	90876.5977	74791.4097	87105.9131	54908.9546	48173.8428	45606.2043	0.0000
sp|P55209|NP1L1_HUMAN	P55209	NP1L1_HUMAN	NAP1L1	391	Homo sapiens	Nucleosome assembly protein 1-like 1	1:Experimental evidence at protein level	9.97	1.0000	0.9984	2	1	2	2	1	2	613682	289085	613682	29K(304.2072), N-term(304.2072)			19184.3779	14863.8481	14038.6826	9035.5151	10453.3213	11552.7773	14132.7964	9887.4207	13110.2451	14051.6523	12934.0796	12253.6689	10623.3567	10136.5100	9712.4871	3120.7949
sp|P55809|SCOT1_HUMAN	P55809	SCOT1_HUMAN	OXCT1	520	Homo sapiens	Succinyl-CoA:3-ketoacid coenzyme A transferase 1, mitochondrial	1:Experimental evidence at protein level	8.27	1.0000	0.9990	5	5	5	6	6	6	2042930	2042930	2042930	11K(304.2072), 12M(15.9949), 16K(304.2072), 1C(57.0215), 4C(57.0215), 7K(304.2072), 8K(304.2072), 8M(15.9949), N-term(304.2072)			133505.2041	110042.8984	149444.7158	63709.1587	53791.3115	52610.0366	132378.1934	143804.9736	138930.6348	137901.3047	111378.6768	129213.0039	54009.5942	48218.0791	53416.7734	1853.3394
sp|P56381|ATP5E_HUMAN	P56381	ATP5E_HUMAN	ATP5F1E	51	Homo sapiens	ATP synthase subunit epsilon, mitochondrial	1:Experimental evidence at protein level	45.10	1.0000	0.9960	3	0	3	4	0	4	10888016	     0	10888016	4K(304.2072), 5C(57.0215), 7K(304.2072), 8K(304.2072), N-term(304.2072)		sp|Q5VTU8|AT5EL_HUMAN	132917.3125	71485.0410	132192.9141	62231.0449	59417.6982	65247.4805	145767.5195	144161.5430	181673.6562	154890.3242	141260.6406	140982.2383	79043.4102	62107.6709	55821.8359	0.0000
sp|P59998|ARPC4_HUMAN	P59998	ARPC4_HUMAN	ARPC4	168	Homo sapiens	Actin-related protein 2/3 complex subunit 4	1:Experimental evidence at protein level	16.07	1.0000	0.9978	3	3	3	3	3	3	2848221	2848221	2848221	8K(304.2072), N-term(304.2072)			112619.8555	61537.0542	96347.3809	41000.9810	39227.5078	42135.5122	51496.7354	60484.6279	63349.2207	60745.7246	65178.7783	65252.0889	30609.7485	25535.4014	31586.6475	0.0000
sp|P60174|TPIS_HUMAN	P60174	TPIS_HUMAN	TPI1	249	Homo sapiens	Triosephosphate isomerase	1:Experimental evidence at protein level	33.33	1.0000	0.9990	6	6	6	8	8	8	3952107	3952107	3952107	10K(304.2072), 11K(304.2072), 12C(57.0215), 13K(304.2072), 19K(304.2072), 29K(304.2072), 7K(304.2072), 8C(57.0215), N-term(304.2072)			473521.8379	253823.8574	278117.6094	141369.7324	96085.5151	89493.8030	118069.9026	179488.5098	144488.5063	150823.2095	148145.4009	159020.6943	112703.1355	95038.3379	115719.0791	7272.3062
sp|P60842|IF4A1_HUMAN	P60842	IF4A1_HUMAN	EIF4A1	406	Homo sapiens	Eukaryotic initiation factor 4A-I	1:Experimental evidence at protein level	19.95	1.0000	0.9990	5	4	5	9	8	9	2102257	1017809	2102257	12K(304.2072), 17K(304.2072), 3K(304.2072), 3M(15.9949), 9K(304.2072), N-term(304.2072)			189632.8105	178667.9409	182483.4712	132933.9917	104310.6206	103329.9375	115357.9697	120255.4907	131948.2710	118078.6611	136256.2949	126476.2319	101886.5015	87309.2412	92619.7861	42141.3057
sp|P60866|RS20_HUMAN	P60866	RS20_HUMAN	RPS20	119	Homo sapiens	40S ribosomal protein S20	1:Experimental evidence at protein level	25.21	1.0000	0.9990	2	2	2	2	2	2	2148831	2148831	2148831	12K(304.2072), 3K(304.2072), 7K(304.2072), N-term(304.2072), N-term(42.0106)			88286.4180	77369.7002	116196.1758	107543.3618	76756.1362	117885.8931	108917.1592	100272.3228	100451.2988	129419.9316	110549.1055	128269.3994	90136.2769	84475.4722	96565.9248	0.0000
sp|P60981|DEST_HUMAN	P60981	DEST_HUMAN	DSTN	165	Homo sapiens	Destrin	1:Experimental evidence at protein level	31.52	1.0000	0.9990	3	3	3	11	11	11	9658900	9658900	9658900	11K(304.2072), 17K(304.2072), 1C(57.0215), 1K(304.2072), 24K(304.2072), 5M(15.9949), 8K(304.2072), N-term(304.2072)			158502.7520	141450.6387	136125.6768	127177.8262	106315.7861	124061.0688	124927.7817	105897.3560	149718.3223	140333.4150	130113.8647	129979.9443	129305.5977	122395.6104	82133.6504	79452.3066
sp|P61019|RAB2A_HUMAN	P61019	RAB2A_HUMAN	RAB2A	212	Homo sapiens	Ras-related protein Rab-2A	1:Experimental evidence at protein level	11.32	1.0000	0.9990	2	1	2	4	1	4	1551240	563108	1551240	12K(304.2072), 3K(304.2072), 4K(304.2072), 7M(15.9949), N-term(304.2072)			84856.1055	85732.7686	84491.5439	55997.4258	47082.8638	43876.5840	61948.7471	63329.0713	69904.0811	69310.7090	60610.1377	75556.5010	41137.1943	41720.5190	45525.0869	0.0000
sp|P61026|RAB10_HUMAN	P61026	RAB10_HUMAN	RAB10	200	Homo sapiens	Ras-related protein Rab-10	1:Experimental evidence at protein level	26.50	1.0000	0.9990	4	2	3	5	2	3	3803256	1362312	3803256	1K(304.2072), 24K(304.2072), 5K(304.2072), 7K(304.2072), N-term(304.2072)			40721.5127	21500.3076	37752.1455	22132.0781	15367.4170	19458.7202	22681.6011	29692.3008	26537.1172	25203.8506	29613.8057	24390.7231	23136.4561	19587.1475	21434.3516	3119.0664
sp|P61088|UBE2N_HUMAN	P61088	UBE2N_HUMAN	UBE2N	152	Homo sapiens	Ubiquitin-conjugating enzyme E2 N	1:Experimental evidence at protein level	19.74	1.0000	0.9990	2	1	2	2	1	2	1135611	202250	1135611	10K(304.2072), 8K(304.2072), N-term(304.2072)			40445.6602	38568.3105	34819.8555	21687.2041	17001.3896	18114.2573	22345.3462	23736.6260	23326.3564	31187.8975	22191.0078	32461.6523	14698.0742	13795.9604	13829.8657	0.0000
sp|P61106|RAB14_HUMAN	P61106	RAB14_HUMAN	RAB14	215	Homo sapiens	Ras-related protein Rab-14	1:Experimental evidence at protein level	40.00	1.0000	0.9990	5	4	5	6	4	6	2601233	1920154	2601233	14K(304.2072), 15K(304.2072), 22K(304.2072), 8K(304.2072), N-term(304.2072)			151574.0542	115659.0112	159438.9863	84855.1919	70510.5317	76585.9736	106667.8657	115093.2036	115207.6787	124129.8481	118037.7559	119825.8267	69692.8049	63887.9021	73316.4966	0.0000
sp|P61163|ACTZ_HUMAN	P61163	ACTZ_HUMAN	ACTR1A	376	Homo sapiens	Alpha-centractin	1:Experimental evidence at protein level	8.51	1.0000	0.9990	2	1	2	2	1	2	916040	190798	916040	10K(304.2072), N-term(304.2072)			59450.7012	42906.9131	52038.7090	31364.8926	24453.5723	28788.0596	32302.7061	35180.4854	37875.2754	39532.2705	36988.7461	36848.0576	27363.8506	25789.7627	28326.8154	0.0000
sp|P61224|RAP1B_HUMAN	P61224	RAP1B_HUMAN	RAP1B	184	Homo sapiens	Ras-related protein Rap-1b	1:Experimental evidence at protein level	12.50	1.0000	0.9990	2	0	2	2	0	2	1137049	     0	1137049	11K(304.2072), N-term(304.2072)		sp|P62834|RAP1A_HUMAN	74473.0195	64475.0098	84226.0918	51760.0527	47280.2188	47445.3242	64672.4766	64973.2422	62037.4609	69874.4004	69188.0234	70874.4629	34843.3516	30651.5586	37174.6758	6121.7996
sp|P61247|RS3A_HUMAN	P61247	RS3A_HUMAN	RPS3A	264	Homo sapiens	40S ribosomal protein S3a	1:Experimental evidence at protein level	21.59	1.0000	0.9990	4	4	4	5	5	5	2096035	2096035	2096035	12K(304.2072), 13K(304.2072), 18K(304.2072), 2C(57.0215), 8K(304.2072), N-term(304.2072)			197142.1138	113179.9775	257929.0054	128530.1616	112273.7886	114168.4526	83695.2793	97135.4360	127162.3950	93351.9150	124386.9590	108344.5117	78920.0259	65119.0898	83736.3157	5684.4030
sp|P61254|RL26_HUMAN	P61254	RL26_HUMAN	RPL26	145	Homo sapiens	60S ribosomal protein L26	1:Experimental evidence at protein level	16.55	1.0000	0.9936	3	0	3	3	0	3	2416561	     0	2416561	1K(304.2072), 2M(15.9949), 8K(304.2072), N-term(304.2072)		sp|Q9UNX3|RL26L_HUMAN	70842.0254	63564.3145	91120.8633	66497.3535	53981.4609	55725.5625	54633.5889	63313.8203	69451.3818	61341.8574	63991.5361	62026.3701	41628.1406	38434.1045	36440.4121	2668.7556
sp|P61313|RL15_HUMAN	P61313	RL15_HUMAN	RPL15	204	Homo sapiens	60S ribosomal protein L15	1:Experimental evidence at protein level	19.61	1.0000	0.9990	4	4	4	7	7	7	6222416	6222416	6222416	12K(304.2072), 14K(304.2072), 26K(304.2072), N-term(304.2072)			188862.6104	138974.2344	168385.2993	111611.4009	92732.2661	102878.9839	92871.6060	95926.1509	123603.2749	100681.8950	109371.7695	101280.6587	76128.7114	73915.2603	63735.5181	40851.0098
sp|P61586|RHOA_HUMAN	P61586	RHOA_HUMAN	RHOA	193	Homo sapiens	Transforming protein RhoA	1:Experimental evidence at protein level	16.06	1.0000	0.9974	3	1	3	4	1	4	1259394	325222	1259394	11K(304.2072), 12K(304.2072), 5M(15.9949), 7M(15.9949), 9C(57.0215), N-term(304.2072)			67354.3984	54040.7480	58253.9785	30133.6113	29783.9229	23175.2637	29000.0664	29610.3369	30969.8760	36185.0938	30401.2861	33690.6172	20044.3281	17089.5586	19209.5488	0.0000
sp|P61604|CH10_HUMAN	P61604	CH10_HUMAN	HSPE1	102	Homo sapiens	10 kDa heat shock protein, mitochondrial	1:Experimental evidence at protein level	53.92	1.0000	0.9990	6	6	6	7	7	7	3359187	3359187	3359187	10K(304.2072), 12K(304.2072), 14K(304.2072), 2K(304.2072), 6K(304.2072), 7K(304.2072), N-term(304.2072)			124961.2554	132536.3613	184555.7559	106199.8604	112996.5762	126939.1123	202349.8164	191745.1006	224564.5889	242637.6973	245684.5225	219272.3711	80841.2554	81996.5859	89150.6675	1257.8684
sp|P61626|LYSC_HUMAN	P61626	LYSC_HUMAN	LYZ	148	Homo sapiens	Lysozyme C	1:Experimental evidence at protein level	18.92	1.0000	0.9990	3	3	3	5	5	5	6238693	6238693	6238693	3M(15.9949), N-term(304.2072)			116738.1655	102094.6240	128616.8257	125892.0449	135610.2036	148290.5938	127377.2266	238521.4053	225127.7832	182726.6313	213761.9810	260542.6689	169378.7651	174363.7139	185379.8672	1264.3481
sp|P61978|HNRPK_HUMAN	P61978	HNRPK_HUMAN	HNRNPK	463	Homo sapiens	Heterogeneous nuclear ribonucleoprotein K	1:Experimental evidence at protein level	15.98	1.0000	0.9990	6	6	6	8	8	8	4494876	4494876	4494876	16K(304.2072), 17K(304.2072), 19K(304.2072), 5M(15.9949), 8K(304.2072), 9K(304.2072), N-term(304.2072)			327186.9390	255883.4365	260480.6538	216846.5737	185483.7065	198311.4883	195540.8044	199905.0078	214241.0757	242213.4556	212642.1436	222005.7529	176993.2842	173975.8765	161122.3572	33525.3210
sp|P61981|1433G_HUMAN	P61981	1433G_HUMAN	YWHAG	247	Homo sapiens	14-3-3 protein gamma	1:Experimental evidence at protein level	21.86	1.0000	0.9959	4	3	3	7	3	3	19564021	5857877	19564021	10K(304.2072), 22C(57.0215), 26K(304.2072), 9K(304.2072), N-term(304.2072), N-term(42.0106)			189090.0234	132272.0898	124747.3125	59586.5645	43904.4766	33865.0488	65182.7168	79970.8867	66079.3711	75438.5820	66142.2070	78780.3789	41696.7617	34530.8174	40723.4316	1915.9841
sp|P62081|RS7_HUMAN	P62081	RS7_HUMAN	RPS7	194	Homo sapiens	40S ribosomal protein S7	1:Experimental evidence at protein level	34.54	1.0000	0.9990	5	5	5	5	5	5	1386212	1386212	1386212	18K(304.2072), 22K(304.2072), 8K(304.2072), 9K(304.2072), N-term(304.2072)			44673.4336	26636.5508	38601.1597	23762.4932	22453.0767	23676.4561	25574.6670	26555.5515	30871.2588	28625.7515	28316.0181	29257.6055	22297.5576	21986.6355	21564.6069	3030.2349
sp|P62191|PRS4_HUMAN	P62191	PRS4_HUMAN	PSMC1	440	Homo sapiens	26S proteasome regulatory subunit 4	1:Experimental evidence at protein level	21.14	1.0000	0.9990	7	7	7	7	7	7	4143367	4143367	4143367	11K(304.2072), 21K(304.2072), 2K(304.2072), 5M(15.9949), 6K(304.2072), 7M(15.9949), 9K(304.2072), N-term(304.2072)			122270.5088	70658.8584	103080.1250	78045.0967	62936.9858	84583.9668	115760.4082	116342.6816	124353.4268	120970.3730	129393.2432	103780.7559	47476.1792	43615.7795	53180.1409	2626.0876
sp|P62241|RS8_HUMAN	P62241	RS8_HUMAN	RPS8	208	Homo sapiens	40S ribosomal protein S8	1:Experimental evidence at protein level	26.92	1.0000	0.9990	6	6	6	7	7	7	3223305	3223305	3223305	13K(304.2072), 2C(57.0215), 9K(304.2072), N-term(304.2072)			179133.5439	156070.6787	252587.9785	165924.3643	143876.3203	160335.0771	124708.2637	128604.0693	160228.8223	135487.3936	144545.4092	142567.9961	95608.4033	78715.5386	86671.7593	2804.4771
sp|P62249|RS16_HUMAN	P62249	RS16_HUMAN	RPS16	146	Homo sapiens	40S ribosomal protein S16	1:Experimental evidence at protein level	41.10	1.0000	0.9990	9	9	9	12	12	12	9759835	9759835	9759835	10K(304.2072), 3K(304.2072), 8K(304.2072), N-term(304.2072), N-term(42.0106)			441226.4443	336726.7646	408803.1045	334188.2021	265998.9775	258644.6353	215655.6162	216316.5825	298118.7812	257199.5151	259247.9414	240204.3330	185104.8413	147753.1660	208977.8125	12826.7998
sp|P62258|1433E_HUMAN	P62258	1433E_HUMAN	YWHAE	255	Homo sapiens	14-3-3 protein epsilon	1:Experimental evidence at protein level	47.84	1.0000	0.9990	10	9	10	16	12	16	19149079	5210179	19149079	11K(304.2072), 11M(15.9949), 12K(304.2072), 15M(15.9949), 16K(304.2072), 17K(304.2072), 19K(304.2072), 23K(304.2072), 24K(304.2072), 3C(57.0215), 4C(57.0215), 4M(15.9949), 8K(304.2072), N-term(304.2072)			2159415.9487	1084968.1279	1438152.8027	669527.7861	419416.6084	436970.6064	566385.9141	812938.0171	792446.8643	723681.8984	756712.2676	789259.2461	440659.4658	353518.6714	451255.4883	31305.9487
sp|P62263|RS14_HUMAN	P62263	RS14_HUMAN	RPS14	151	Homo sapiens	40S ribosomal protein S14	1:Experimental evidence at protein level	49.67	1.0000	0.9990	4	4	4	5	5	5	5425524	5425524	5425524	10K(304.2072), 1K(304.2072), 22C(57.0215), 41K(304.2072), N-term(304.2072)			104618.9531	79685.0117	111104.1279	78478.3086	66745.1479	68377.1343	57999.8760	56493.0977	67819.7671	66736.2832	69322.5073	61204.4507	56848.4468	50444.9287	58306.5156	15637.8315
sp|P62266|RS23_HUMAN	P62266	RS23_HUMAN	RPS23	143	Homo sapiens	40S ribosomal protein S23	1:Experimental evidence at protein level	16.08	1.0000	0.9990	2	2	2	3	3	3	4910614	4910614	4910614	11K(304.2072), 1K(304.2072), N-term(304.2072)			129742.0391	101235.1094	182206.3477	114732.8828	93434.4219	94006.3457	84125.2539	80110.9746	116402.1289	87014.8613	102191.2441	89262.1523	58630.7012	55755.1143	62426.4434	1178.3398
sp|P62269|RS18_HUMAN	P62269	RS18_HUMAN	RPS18	152	Homo sapiens	40S ribosomal protein S18	1:Experimental evidence at protein level	19.08	1.0000	0.9986	3	3	3	3	3	3	1434715	1434715	1434715	12K(304.2072), 1K(304.2072), 8K(304.2072), 9K(304.2072), N-term(304.2072)			104791.8711	49898.5312	82843.1895	42166.1348	31877.5059	43531.8193	35618.5581	45743.4600	51452.6104	42975.8496	52888.6113	47296.9912	31867.0576	29523.4321	35402.1348	3362.1150
sp|P62277|RS13_HUMAN	P62277	RS13_HUMAN	RPS13	151	Homo sapiens	40S ribosomal protein S13	1:Experimental evidence at protein level	37.09	1.0000	0.9984	5	5	5	5	5	5	2953434	2953434	2953434	15K(304.2072), 16K(304.2072), 1K(304.2072), N-term(304.2072)			74490.5210	43621.1182	74166.8423	50449.6089	46225.6465	49395.2520	45732.0664	41289.3813	51915.7893	47045.2690	50760.8535	41199.3096	34632.3816	31837.9509	33834.5454	0.0000
sp|P62280|RS11_HUMAN	P62280	RS11_HUMAN	RPS11	158	Homo sapiens	40S ribosomal protein S11	1:Experimental evidence at protein level	41.14	1.0000	0.9990	8	8	8	9	9	9	5163718	5163718	5163718	10K(304.2072), 12K(304.2072), 13C(57.0215), 18K(304.2072), 4K(304.2072), 7K(304.2072), 8K(304.2072), N-term(304.2072)			407437.5107	321366.6553	511982.0645	360784.0508	297846.2720	321346.0654	271812.8398	272575.4492	353410.0312	294858.6748	327077.3018	297664.2773	237129.2871	191177.4258	230311.1631	23385.6610
sp|P62318|SMD3_HUMAN	P62318	SMD3_HUMAN	SNRPD3	126	Homo sapiens	Small nuclear ribonucleoprotein Sm D3	1:Experimental evidence at protein level	31.75	1.0000	0.9990	3	3	3	4	4	4	3375066	3375066	3375066	12C(57.0215), 7M(15.9949), 9K(304.2072), N-term(304.2072)			147488.5200	102835.3462	135182.0684	114978.0190	109581.2334	124501.2637	129237.7114	123240.6943	134499.4971	148630.9233	114794.1431	139604.4517	74257.8865	70238.5059	91218.7031	0.0000
sp|P62424|RL7A_HUMAN	P62424	RL7A_HUMAN	RPL7A	266	Homo sapiens	60S ribosomal protein L7a	1:Experimental evidence at protein level	33.83	1.0000	0.9990	8	8	8	8	8	8	10201921	10201921	10201921	11K(304.2072), 13K(304.2072), 14K(304.2072), 15K(304.2072), 1K(304.2072), 20K(304.2072), 2C(57.0215), 2K(304.2072), 9K(304.2072), N-term(304.2072)			609791.5098	307932.2002	426474.8691	423118.9570	342247.6592	314059.7119	180825.2725	183671.5410	256058.6201	181707.9658	236563.5703	204048.2803	178985.4756	141859.2373	236499.2158	5144.2883
sp|P62701|RS4X_HUMAN	P62701	RS4X_HUMAN	RPS4X	263	Homo sapiens	40S ribosomal protein S4, X isoform	1:Experimental evidence at protein level	33.84	1.0000	0.9990	10	4	10	12	5	12	3250630	2426404	3250630	10K(304.2072), 10M(15.9949), 11K(304.2072), 12K(304.2072), 13K(304.2072), 17K(304.2072), 1K(304.2072), 2K(304.2072), 3K(304.2072), 7K(304.2072), 9K(304.2072), N-term(304.2072)			414030.9331	257944.8711	377081.0439	250478.0508	186770.5049	199792.4692	175948.6348	192640.7524	257626.2441	180406.9033	219452.0181	191168.8735	144676.8354	128225.9187	151461.8999	5414.6602
sp|P62750|RL23A_HUMAN	P62750	RL23A_HUMAN	RPL23A	156	Homo sapiens	60S ribosomal protein L23a	1:Experimental evidence at protein level	14.10	1.0000	0.9989	2	2	2	2	2	2	968500	968500	968500	13K(304.2072), 1K(304.2072), 9K(304.2072), N-term(304.2072)			73436.0176	58715.6006	104498.1738	60561.9004	53875.6084	59152.5518	43163.2773	49990.4482	58133.3555	46462.3457	54649.7090	55142.2520	35693.7061	37760.7002	41662.2832	3216.2180
sp|P62753|RS6_HUMAN	P62753	RS6_HUMAN	RPS6	249	Homo sapiens	40S ribosomal protein S6	1:Experimental evidence at protein level	25.30	1.0000	0.9990	6	6	6	7	7	7	3325994	3325994	3325994	10C(57.0215), 10K(304.2072), 12K(304.2072), 17K(304.2072), 1K(304.2072), 2C(57.0215), 2K(304.2072), 4K(304.2072), N-term(304.2072)			155883.6021	130463.5874	181508.9180	142070.7393	129655.4585	115794.4717	108047.4619	91544.9780	131961.6172	106551.6172	123859.3452	114246.0293	75289.2012	62779.8750	70588.4136	13971.4742
sp|P62805|H4_HUMAN	P62805	H4_HUMAN	H4C16	103	Homo sapiens	Histone H4	1:Experimental evidence at protein level	61.17	1.0000	0.9990	12	12	12	36	36	36	533688400	533688400	533688400	10K(304.2072), 12K(304.2072), 13K(304.2072), 18K(304.2072), 1K(304.2072), 5M(15.9949), 6M(15.9949), 8K(304.2072), N-term(304.2072)			5433317.3960	2090872.8057	3995968.8252	3428206.2305	2469935.6460	3172477.1797	1786193.9683	2097678.8027	3106022.2471	1462768.5225	2894957.7339	2162502.9541	2319740.2217	1701758.2393	3318330.0967	8307.0056
sp|P62820|RAB1A_HUMAN	P62820	RAB1A_HUMAN	RAB1A	205	Homo sapiens	Ras-related protein Rab-1A	1:Experimental evidence at protein level	28.78	1.0000	0.9989	5	1	4	6	1	4	2492978	211590	2492978	10M(15.9949), 12M(15.9949), 16K(304.2072), 17K(304.2072), 7K(304.2072), 8K(304.2072), N-term(304.2072)			91654.6514	46112.3208	80811.9683	39357.9697	26636.1040	31057.9829	40119.4885	45558.2537	50913.4399	44097.0288	50176.4082	45136.4180	29077.9890	28915.6907	33707.9792	0.0000
sp|P62826|RAN_HUMAN	P62826	RAN_HUMAN	RAN	216	Homo sapiens	GTP-binding nuclear protein Ran	1:Experimental evidence at protein level	23.61	1.0000	0.9990	5	5	5	9	9	9	9375892	9375892	9375892	10C(57.0215), 10K(304.2072), 11K(304.2072), 12K(304.2072), 13K(304.2072), 17K(304.2072), 1K(304.2072), 2C(57.0215), 2K(304.2072), N-term(304.2072), N-term(42.0106)			429520.5469	275094.3486	348152.1943	230571.9678	181501.9106	190458.0625	260412.0479	252287.8154	282202.4639	287992.0391	269696.7705	256245.3921	188983.1099	151303.2334	176311.9653	18330.5046
sp|P62847|RS24_HUMAN	P62847	RS24_HUMAN	RPS24	133	Homo sapiens	40S ribosomal protein S24	1:Experimental evidence at protein level	20.30	1.0000	0.9990	3	3	3	5	5	5	1601587	1601587	1601587	11K(304.2072), 12K(304.2072), 15K(304.2072), 1K(304.2072), 2M(15.9949), 3M(15.9949), 6M(15.9949), N-term(304.2072)			124326.7656	87401.6299	126580.8633	97222.0537	75906.1201	85996.5127	76109.8096	82281.7334	94055.2695	84859.2266	93043.5840	80403.8252	63437.5386	55780.3970	59843.9946	1425.3418
sp|P62851|RS25_HUMAN	P62851	RS25_HUMAN	RPS25	125	Homo sapiens	40S ribosomal protein S25	1:Experimental evidence at protein level	24.00	1.0000	0.9988	3	3	3	3	3	3	3794836	3794836	3794836	11K(304.2072), 2K(304.2072), 9K(304.2072), N-term(304.2072)			192487.9141	116414.9824	200309.6328	131099.1680	94569.8574	126568.4473	107650.3184	112148.2520	144666.9531	116720.4355	131537.3203	133596.9551	86788.2266	75201.0898	88634.4258	5820.6539
sp|P62873|GBB1_HUMAN	P62873	GBB1_HUMAN	GNB1	340	Homo sapiens	Guanine nucleotide-binding protein G(I)/G(S)/G(T) subunit beta-1	1:Experimental evidence at protein level	20.59	1.0000	0.9990	5	3	4	5	3	4	4290842	2757016	4290842	12K(304.2072), 14K(304.2072), 1K(304.2072), 3C(57.0215), 7C(57.0215), N-term(304.2072), N-term(42.0106)			165349.5332	154332.4492	137555.0547	75765.9023	48476.3613	42270.6660	76095.6650	89868.8262	81609.5605	78654.7920	67757.3994	72477.1104	48225.0964	36681.0676	44615.2280	0.0000
sp|P62879|GBB2_HUMAN	P62879	GBB2_HUMAN	GNB2	340	Homo sapiens	Guanine nucleotide-binding protein G(I)/G(S)/G(T) subunit beta-2	1:Experimental evidence at protein level	15.88	1.0000	0.9990	4	1	2	4	1	2	4763674	608609	4763674	1K(304.2072), 3C(57.0215), N-term(304.2072), N-term(42.0106)			26081.0059	21199.8125	23051.2207	11084.3184	8787.9971	8536.3027	12775.5088	11322.1436	17111.3008	14963.3115	11175.8389	11564.1768	7080.3667	6672.2661	6996.2769	0.0000
sp|P62906|RL10A_HUMAN	P62906	RL10A_HUMAN	RPL10A	217	Homo sapiens	60S ribosomal protein L10a	1:Experimental evidence at protein level	27.19	1.0000	0.9990	6	6	6	7	7	7	5746088	5746088	5746088	12C(57.0215), 13K(304.2072), 14K(304.2072), 16K(304.2072), 1K(304.2072), 4C(57.0215), 7M(15.9949), 8K(304.2072), N-term(304.2072)			268672.1953	108154.1143	180179.3916	162070.6973	125230.1475	145516.9727	77507.8496	86888.0332	105960.1064	80598.3750	104260.1602	86886.4971	83150.9238	69564.7314	119094.1230	4532.8503
sp|P62913|RL11_HUMAN	P62913	RL11_HUMAN	RPL11	178	Homo sapiens	60S ribosomal protein L11	1:Experimental evidence at protein level	10.67	1.0000	0.9978	2	2	2	2	2	2	1989070	1989070	1989070	10K(304.2072), 3K(304.2072), 9K(304.2072), N-term(304.2072)			117273.1953	101236.5391	115295.7227	69625.5215	60044.6406	50411.5195	62277.4551	59170.6152	79558.0898	74323.6055	61601.9785	55973.9746	40924.8262	35586.9219	42571.2168	4457.5403
sp|P62917|RL8_HUMAN	P62917	RL8_HUMAN	RPL8	257	Homo sapiens	60S ribosomal protein L8	1:Experimental evidence at protein level	20.62	1.0000	0.9990	5	5	5	5	5	5	3289395	3289395	3289395	16K(304.2072), 3K(304.2072), 4K(304.2072), 7K(304.2072), N-term(304.2072)			242224.5391	149482.4111	271622.6250	194484.3164	171485.9570	159958.0137	106950.1416	126320.9248	152576.8066	106733.5752	154780.4473	122899.6543	110072.5205	87546.3403	117811.8091	9711.2805
sp|P62937|PPIA_HUMAN	P62937	PPIA_HUMAN	PPIA	165	Homo sapiens	Peptidyl-prolyl cis-trans isomerase A	1:Experimental evidence at protein level	30.30	1.0000	0.9990	4	4	4	5	5	5	8364605	8364605	8364605	12K(304.2072), 1K(304.2072), 7C(57.0215), 9K(304.2072), N-term(304.2072), N-term(42.0106)			459815.0859	303015.5156	202435.7715	96523.6123	101429.4336	93679.1973	120396.4492	129544.6572	121381.7725	155815.0742	132088.7402	122689.2402	71149.9775	54432.9956	61701.0771	1463.2605
sp|P62979|RS27A_HUMAN	P62979	RS27A_HUMAN	RPS27A	156	Homo sapiens	Ubiquitin-40S ribosomal protein S27a	1:Experimental evidence at protein level	65.38	1.0000	0.9990	9	3	9	15	3	15	16148234	813171	16148234	13K(304.2072), 13M(15.9949), 16K(304.2072), 18K(304.2072), 1C(57.0215), 2C(57.0215), 3K(304.2072), 4K(304.2072), 6C(57.0215), 6K(304.2072), 7C(57.0215), 9K(304.2072), N-term(304.2072)			441411.2896	377788.5547	393618.2202	220159.6582	236649.5078	199018.3267	292104.3447	261036.5762	304774.5303	318019.2344	287199.7925	303100.9160	168306.2852	131953.8076	169993.7705	5059.8141
sp|P62995|TRA2B_HUMAN	P62995	TRA2B_HUMAN	TRA2B	288	Homo sapiens	Transformer-2 protein homolog beta	1:Experimental evidence at protein level	12.85	1.0000	0.9990	3	3	3	3	3	3	2367285	2367285	2367285	14K(304.2072), 17K(304.2072), N-term(304.2072)			77869.9863	63107.5225	88260.9141	60410.8145	51473.8477	47287.5859	64861.5664	61677.4932	86631.8594	65988.3066	85923.4922	68983.6973	45988.9609	39747.9385	37636.2246	0.0000
sp|P63000|RAC1_HUMAN	P63000	RAC1_HUMAN	RAC1	192	Homo sapiens	Ras-related C3 botulinum toxin substrate 1	1:Experimental evidence at protein level	34.90	1.0000	0.9990	7	3	7	8	4	8	7456651	3165112	7456651	12K(304.2072), 12M(15.9949), 13M(15.9949), 14K(304.2072), 15K(304.2072), 1K(304.2072), 2K(304.2072), 3C(57.0215), 4C(57.0215), 7K(304.2072), N-term(304.2072)			345116.4624	235412.8789	343325.3804	258472.2427	193506.0854	217707.8877	244093.9365	240548.8125	296878.8535	248454.4141	256040.1079	219155.1626	225586.3584	175371.3965	234943.3662	5345.2959
sp|P63104|1433Z_HUMAN	P63104	1433Z_HUMAN	YWHAZ	245	Homo sapiens	14-3-3 protein zeta/delta	1:Experimental evidence at protein level	33.88	1.0000	0.9990	10	8	9	18	11	14	18945744	4921631	18945744	11K(304.2072), 12K(304.2072), 14K(304.2072), 15K(304.2072), 18K(304.2072), 2M(15.9949), 30K(304.2072), 4M(15.9949), 7C(57.0215), 8K(304.2072), 8M(15.9949), 9K(304.2072), N-term(304.2072)			461629.2129	317221.7598	348807.2026	208314.3804	163172.3750	151049.6558	210917.5596	233421.3979	238214.8765	264951.3120	210227.0601	260133.7568	128612.7585	112796.0237	134803.6768	1079.8331
sp|P63167|DYL1_HUMAN	P63167	DYL1_HUMAN	DYNLL1	89	Homo sapiens	Dynein light chain 1, cytoplasmic	1:Experimental evidence at protein level	14.61	1.0000	0.9990	2	2	2	2	2	2	675903	675903	675903	12K(304.2072), 13K(304.2072), 5K(304.2072), N-term(304.2072)			56878.9727	22343.1943	52867.4922	21968.4385	14876.3691	21050.2773	22407.5439	34595.6123	42467.0879	28272.4170	35914.9385	34664.1289	17591.3096	15080.9238	20680.3750	0.0000
sp|P63173|RL38_HUMAN	P63173	RL38_HUMAN	RPL38	70	Homo sapiens	60S ribosomal protein L38	1:Experimental evidence at protein level	35.71	1.0000	0.9988	4	4	4	5	5	5	2686646	2686646	2686646	10K(304.2072), 12K(304.2072), 1K(304.2072), 2K(304.2072), 5K(304.2072), 6K(304.2072), N-term(304.2072)			87372.9971	85203.3350	107965.2051	77562.8906	68669.3184	77209.1416	83353.6426	78380.6025	91512.0254	84455.9189	81969.2744	74727.7207	50474.9839	46110.3540	46501.7935	2661.8381
sp|P63261|ACTG_HUMAN	P63261	ACTG_HUMAN	ACTG1	375	Homo sapiens	Actin, cytoplasmic 2	1:Experimental evidence at protein level	71.47	1.0000	0.9990	28	1	1	125	4	4	234836208	824721	234836208	15M(15.9949), 16C(57.0215), 17K(304.2072), N-term(42.0106)			39282.9258	39788.0825	35421.2061	16806.1968	15305.6973	13616.3154	17310.4004	17960.3289	15342.7981	18664.1448	18194.2336	19848.8655	11015.2029	9670.7618	9459.9733	0.0000
sp|P68032|ACTC_HUMAN	P68032	ACTC_HUMAN	ACTC1	377	Homo sapiens	Actin, alpha cardiac muscle 1	1:Experimental evidence at protein level	45.09	1.0000	0.9990	22	0	5	82	0	7	180337320	     0	180337320	14M(15.9949), 16K(304.2072), 18K(304.2072), N-term(304.2072)			208815.8926	95946.3984	196983.6484	60913.2524	57018.4097	55812.0640	64405.4165	100483.7422	101746.1758	64883.1836	98772.7683	74093.8799	56993.8101	45252.1545	58426.0547	2145.9231
sp|P68104|EF1A1_HUMAN	P68104	EF1A1_HUMAN	EEF1A1	462	Homo sapiens	Elongation factor 1-alpha 1	1:Experimental evidence at protein level	57.79	1.0000	0.9990	24	0	24	85	0	85	49157025	     0	49157025	10K(304.2072), 10M(15.9949), 11C(57.0215), 12K(304.2072), 13K(304.2072), 14K(304.2072), 15C(57.0215), 15K(304.2072), 15M(15.9949), 16C(57.0215), 19K(304.2072), 1K(304.2072), 21M(15.9949), 24K(304.2072), 25K(304.2072), 26K(304.2072), 29K(304.2072), 2M(15.9949), 32K(304.2072), 36K(304.2072), 37K(304.2072), 4K(304.2072), 5M(15.9949), 6K(304.2072), 7K(304.2072), 8K(304.2072), 9K(304.2072), 9M(15.9949), N-term(304.2072)		sp|Q5VTE0|EF1A3_HUMAN	2354741.6514	1730262.4038	2194078.7239	1584967.5435	1403563.0142	1492811.6670	1552962.7395	1610271.0146	1794440.0317	1735949.0454	1674963.5986	1686403.0593	1465589.5706	1282687.8862	1258167.7732	466851.4305
sp|P68431|H31_HUMAN	P68431	H31_HUMAN	H3C12	136	Homo sapiens	Histone H3.1	1:Experimental evidence at protein level	43.38	1.0000	0.9990	5	1	5	15	2	15	396908012	257376	396908012	13C(57.0215), 27C(57.0215), 32K(304.2072), 7K(304.2072), 7M(15.9949), N-term(304.2072)			1022839.5479	376106.4531	710253.5234	633732.3313	537878.8506	621848.5977	282294.8364	339722.4697	493317.6479	248868.4661	442997.8325	349888.4993	378254.8857	271716.8142	543065.4436	3670.0189
sp|P78371|TCPB_HUMAN	P78371	TCPB_HUMAN	CCT2	535	Homo sapiens	T-complex protein 1 subunit beta	1:Experimental evidence at protein level	20.75	1.0000	0.9990	8	8	8	8	8	8	2462559	2462559	2462559	10K(304.2072), 11K(304.2072), 12K(304.2072), 14K(304.2072), 18K(304.2072), 19K(304.2072), 8K(304.2072), 8M(15.9949), 9K(304.2072), N-term(304.2072), N-term(42.0106)			291504.0947	192209.4414	215841.8574	97652.4277	80157.9265	68954.6104	99674.8652	111328.4282	120799.7554	119704.8774	104274.9370	109622.0586	62283.4773	56564.8438	61716.1255	5423.4719
sp|P78527|PRKDC_HUMAN	P78527	PRKDC_HUMAN	PRKDC	4128	Homo sapiens	DNA-dependent protein kinase catalytic subunit	1:Experimental evidence at protein level	2.42	1.0000	0.9989	9	9	9	9	9	9	1911565	1911565	1911565	10K(304.2072), 14K(304.2072), 8K(304.2072), N-term(304.2072)			224645.8906	121224.6021	185882.3906	114240.6592	99038.4463	101048.2681	73494.7383	88454.5518	111665.5117	76520.6387	101999.0947	82112.2598	78922.2363	56060.1445	91640.4365	1453.4410
sp|P80723|BASP1_HUMAN	P80723	BASP1_HUMAN	BASP1	227	Homo sapiens	Brain acid soluble protein 1	1:Experimental evidence at protein level	51.10	1.0000	0.9990	5	5	5	8	8	8	4362694	4362694	4362694	10K(304.2072), 12K(304.2072), 14K(304.2072), 21K(304.2072), 22K(304.2072), 24K(304.2072), 28K(304.2072), 5K(304.2072), N-term(304.2072)			117690.4858	64299.1604	128838.3564	47920.0906	43654.2300	52271.5574	101801.5742	131952.1724	174499.8506	127848.3301	176927.7983	114772.5513	62423.5491	57387.1899	60069.8342	0.0000
sp|P81605|DCD_HUMAN	P81605	DCD_HUMAN	DCD	110	Homo sapiens	Dermcidin	1:Experimental evidence at protein level	53.64	1.0000	0.9990	7	7	7	11	11	11	14913720	14913720	14913720	11K(304.2072), 12K(304.2072), 13K(304.2072), 14K(304.2072), 3K(304.2072), 6K(304.2072), 7K(304.2072), N-term(304.2072)			221669.0513	268741.3203	190087.8755	194789.9761	303021.8125	208436.9072	193458.3857	420413.4561	330892.1836	306440.1240	368033.8633	396049.0107	266415.9170	241826.0059	261040.6992	7946.0596
sp|P83731|RL24_HUMAN	P83731	RL24_HUMAN	RPL24	157	Homo sapiens	60S ribosomal protein L24	1:Experimental evidence at protein level	12.74	1.0000	0.9982	3	3	3	3	3	3	2681857	2681857	2681857	12K(304.2072), 1C(57.0215), 4K(304.2072), 8K(304.2072), N-term(304.2072)			143817.5391	151696.9492	207935.7969	172825.7148	151028.4258	151475.3379	153118.0059	124629.6094	168743.4941	139283.6621	141888.8945	153537.5840	90994.4004	98417.6816	96062.1934	3386.7480
sp|P84103|SRSF3_HUMAN	P84103	SRSF3_HUMAN	SRSF3	164	Homo sapiens	Serine/arginine-rich splicing factor 3	1:Experimental evidence at protein level	28.66	1.0000	0.9989	3	3	3	4	4	4	4167535	4167535	4167535	12K(304.2072), N-term(304.2072)			68377.8848	56064.2021	59418.5830	41852.1025	38369.4365	39059.1221	44091.6318	44520.8799	53380.5508	49167.9580	49122.1396	51391.5938	28276.8135	29029.9873	31635.1289	0.0000
sp|P99999|CYC_HUMAN	P99999	CYC_HUMAN	CYCS	105	Homo sapiens	Cytochrome c	1:Experimental evidence at protein level	19.05	1.0000	0.9989	3	2	3	3	2	3	3224010	2711050	3224010	8K(304.2072), 9K(304.2072), N-term(304.2072)			53417.1826	48229.9404	67118.0498	39899.3662	34334.1421	41311.1523	114949.2959	104584.2305	106013.6797	156927.5566	101188.5859	108033.5000	48272.5488	44661.7529	46354.8086	1147.8966
sp|Q00325|MPCP_HUMAN	Q00325	MPCP_HUMAN	SLC25A3	362	Homo sapiens	Phosphate carrier protein, mitochondrial	1:Experimental evidence at protein level	7.73	1.0000	0.9990	3	3	3	4	4	4	6051759	6051759	6051759	7K(304.2072), 9K(304.2072), N-term(304.2072)			288755.1484	173940.5977	240554.3789	149146.1855	121776.4766	129707.0928	195292.3232	189170.7891	255279.1992	188723.7510	215044.5625	194010.4453	114102.6445	96705.3047	119710.3691	2876.0950
sp|Q00610|CLH1_HUMAN	Q00610	CLH1_HUMAN	CLTC	1675	Homo sapiens	Clathrin heavy chain 1	1:Experimental evidence at protein level	10.87	1.0000	0.9990	14	13	14	17	16	17	2969181	2969181	2969181	14K(304.2072), 3K(304.2072), 6K(304.2072), 7K(304.2072), 8K(304.2072), N-term(304.2072)			466693.4429	313837.0186	465634.9768	222248.3533	166169.1465	175374.4990	210708.5518	274528.0137	274641.5513	269783.0378	276614.6343	262364.3718	185242.5889	158936.7544	164029.5696	17323.8885
sp|Q00839|HNRPU_HUMAN	Q00839	HNRPU_HUMAN	HNRNPU	825	Homo sapiens	Heterogeneous nuclear ribonucleoprotein U	1:Experimental evidence at protein level	27.64	1.0000	0.9990	16	16	16	26	26	26	10965438	10965438	10965438	10K(304.2072), 10M(15.9949), 11C(57.0215), 11K(304.2072), 12K(304.2072), 16K(304.2072), 16M(15.9949), 18M(15.9949), 1K(304.2072), 1M(15.9949), 20K(304.2072), 22K(304.2072), 27K(304.2072), 2C(57.0215), 2K(304.2072), 2M(15.9949), 5C(57.0215), 6K(304.2072), 7K(304.2072), 8K(304.2072), 9K(304.2072), N-term(304.2072)			923383.6396	498248.9912	792770.4878	550110.9277	518168.9463	554418.0432	490428.6477	539636.9233	717142.6528	504104.4395	624382.3501	529460.9756	456452.9216	353769.9688	495455.9971	28684.3256
sp|Q01082|SPTB2_HUMAN	Q01082	SPTB2_HUMAN	SPTBN1	2364	Homo sapiens	Spectrin beta chain, non-erythrocytic 1	1:Experimental evidence at protein level	1.18	1.0000	0.9990	2	2	2	2	2	2	563881	563881	563881	19K(304.2072), 8K(304.2072), N-term(304.2072)			58920.2539	55243.6270	51440.7324	22598.3516	18742.8486	17471.8843	23834.2549	17697.4746	22468.7900	25436.2881	26475.1338	22392.4209	17535.5776	13557.0205	15672.5303	0.0000
sp|Q01844|EWS_HUMAN	Q01844	EWS_HUMAN	EWSR1	656	Homo sapiens	RNA-binding protein EWS	1:Experimental evidence at protein level	4.42	1.0000	0.9990	2	2	2	3	3	3	753971	753971	753971	14K(304.2072), 15K(304.2072), 9K(304.2072), N-term(304.2072)			42408.2744	31101.0117	36746.1631	37945.9131	24386.0493	36994.7539	25470.7314	36817.3018	37606.3877	34696.8970	30042.6724	30401.9478	22213.2363	22051.6909	30611.3989	0.0000
sp|Q02413|DSG1_HUMAN	Q02413	DSG1_HUMAN	DSG1	1049	Homo sapiens	Desmoglein-1	1:Experimental evidence at protein level	11.34	1.0000	0.9990	8	8	8	10	10	10	4442784	4442784	4442784	13K(304.2072), 2M(15.9949), 3M(15.9949), 5M(15.9949), 7K(304.2072), 8M(15.9949), 9K(304.2072), N-term(304.2072)			97491.0093	73622.7869	104077.2593	89813.2798	112078.6650	97027.6445	98629.0273	151522.8965	122849.5371	143430.9961	142424.1074	186643.9404	125616.6143	111287.5967	145883.1978	1498.9647
sp|Q02543|RL18A_HUMAN	Q02543	RL18A_HUMAN	RPL18A	176	Homo sapiens	60S ribosomal protein L18a	1:Experimental evidence at protein level	34.66	1.0000	0.9990	6	6	6	8	8	8	7939757	7939757	7939757	10K(304.2072), 11C(57.0215), 14K(304.2072), 1C(57.0215), 7M(15.9949), 8C(57.0215), 8K(304.2072), N-term(304.2072)			398447.6855	204507.9980	344419.7715	242902.9922	170979.5659	183502.1641	156091.8418	177742.8760	239110.0449	160462.8726	216841.5127	184992.2852	166152.2129	139345.7920	162778.4990	6842.1807
sp|Q02878|RL6_HUMAN	Q02878	RL6_HUMAN	RPL6	288	Homo sapiens	60S ribosomal protein L6	1:Experimental evidence at protein level	29.17	1.0000	0.9990	9	9	9	13	13	13	8032187	8032187	8032187	10K(304.2072), 11K(304.2072), 13K(304.2072), 7K(304.2072), 8K(304.2072), 9K(304.2072), N-term(304.2072)			949841.9141	499161.6836	624256.3398	427030.0918	346928.8125	335634.6562	252414.0254	275583.7568	330509.6836	250785.5996	304502.5273	305448.4951	195314.2842	168917.9688	191205.1465	17284.6746
sp|Q04917|1433F_HUMAN	Q04917	1433F_HUMAN	YWHAH	246	Homo sapiens	14-3-3 protein eta	1:Experimental evidence at protein level	28.86	1.0000	0.9990	9	8	8	13	9	9	17147779	2678584	17147779	10K(304.2072), 11K(304.2072), 12K(304.2072), 19K(304.2072), 3M(15.9949), 4M(15.9949), 7K(304.2072), 8M(15.9949), 9K(304.2072), N-term(304.2072)			335129.7378	154081.4631	265313.0957	104726.1653	81320.6309	72867.1140	94207.9248	153746.4575	149614.6094	129489.4072	132329.9111	155884.5830	77953.1536	71052.2314	84959.6377	0.0000
sp|Q06830|PRDX1_HUMAN	Q06830	PRDX1_HUMAN	PRDX1	199	Homo sapiens	Peroxiredoxin-1	1:Experimental evidence at protein level	38.19	1.0000	0.9990	10	2	9	12	2	11	15653245	2967923	15653245	10K(304.2072), 11K(304.2072), 5M(15.9949), 8K(304.2072), 9K(304.2072), N-term(304.2072)			965488.3193	521776.6621	567548.8770	289535.5400	228229.5054	190859.5723	213999.9561	259264.5684	226035.7227	249440.6226	225244.2041	243189.6221	193301.3354	166249.3730	213895.9785	0.0000
sp|Q07020|RL18_HUMAN	Q07020	RL18_HUMAN	RPL18	188	Homo sapiens	60S ribosomal protein L18	1:Experimental evidence at protein level	19.68	1.0000	0.9990	3	3	3	3	3	3	3758982	3758982	3758982	13K(304.2072), 2C(57.0215), N-term(304.2072)			131810.2344	63145.5840	92961.4551	74514.8340	57531.5156	57588.3750	30879.8633	32892.2480	44770.4990	30773.3252	44948.3525	34946.0654	28400.5229	23327.8931	34874.4473	0.0000
sp|Q07065|CKAP4_HUMAN	Q07065	CKAP4_HUMAN	CKAP4	602	Homo sapiens	Cytoskeleton-associated protein 4	1:Experimental evidence at protein level	25.91	1.0000	0.9990	13	13	13	13	13	13	1750204	1750204	1750204	11K(304.2072), 11M(15.9949), 13K(304.2072), 14K(304.2072), 7K(304.2072), 8K(304.2072), N-term(304.2072)			265747.8047	193640.2168	244586.2397	124887.2046	107703.5608	101108.7170	120808.2798	124688.8350	124359.0027	134344.9019	120376.5747	124248.9375	83164.3474	75015.7319	81409.6130	0.0000
sp|Q07955|SRSF1_HUMAN	Q07955	SRSF1_HUMAN	SRSF1	248	Homo sapiens	Serine/arginine-rich splicing factor 1	1:Experimental evidence at protein level	11.69	1.0000	0.9954	3	3	3	4	4	4	3012657	3012657	3012657	10K(304.2072), 2K(304.2072), N-term(304.2072)			125560.5786	88717.6357	121234.8848	112177.3901	89251.4858	84439.4883	86474.2690	101390.4536	110012.8525	83280.8140	110755.8008	92826.1392	72302.7998	62509.7188	79449.7656	1450.4730
sp|Q08211|DHX9_HUMAN	Q08211	DHX9_HUMAN	DHX9	1270	Homo sapiens	ATP-dependent RNA helicase A	1:Experimental evidence at protein level	9.06	1.0000	0.9990	9	9	9	10	10	10	2750304	2750304	2750304	12K(304.2072), 1K(304.2072), 4C(57.0215), N-term(304.2072)			186061.9482	126264.4692	154118.8740	92144.9702	81345.2866	85928.3159	85715.9902	85370.1201	105364.3740	105310.2896	98498.4434	87271.2051	85286.4448	75710.2314	89688.8735	15568.4829
sp|Q08554|DSC1_HUMAN	Q08554	DSC1_HUMAN	DSC1	894	Homo sapiens	Desmocollin-1	1:Experimental evidence at protein level	2.80	1.0000	0.9990	2	2	2	3	3	3	1837384	1837384	1837384	10C(57.0215), N-term(304.2072)			49667.1216	38574.2751	49478.6069	33680.8018	43634.9175	39508.3120	48875.8838	47371.6104	62514.0244	49815.4834	67776.4580	76525.4648	45494.0337	51978.5142	53952.5332	0.0000
sp|Q12905|ILF2_HUMAN	Q12905	ILF2_HUMAN	ILF2	390	Homo sapiens	Interleukin enhancer-binding factor 2	1:Experimental evidence at protein level	13.08	1.0000	0.9990	3	3	3	3	3	3	1980395	1980395	1980395	14K(304.2072), 16K(304.2072), 20K(304.2072), 2K(304.2072), N-term(304.2072)			136802.6973	106924.1670	116636.6553	69302.3687	50925.5442	53408.5498	55409.1455	60730.6592	58410.6123	68567.7593	58179.0659	57793.7915	45944.3428	38578.5000	43586.4299	1267.1007
sp|Q12906|ILF3_HUMAN	Q12906	ILF3_HUMAN	ILF3	894	Homo sapiens	Interleukin enhancer-binding factor 3	1:Experimental evidence at protein level	4.14	1.0000	0.9990	4	4	4	5	5	5	1871312	1871312	1871312	10K(304.2072), 11K(304.2072), 4M(15.9949), 5K(304.2072), 9K(304.2072), N-term(304.2072)			259812.0566	170694.7021	206692.1328	120461.5830	112271.9102	124215.6729	113078.1484	116376.4863	132046.0186	144301.8184	121604.7217	117027.8574	112064.2910	100967.4883	138246.5908	3682.5857
sp|Q12931|TRAP1_HUMAN	Q12931	TRAP1_HUMAN	TRAP1	704	Homo sapiens	Heat shock protein 75 kDa, mitochondrial	1:Experimental evidence at protein level	7.67	1.0000	0.9990	4	3	3	5	4	4	2540809	756685	2540809	7C(57.0215), 7K(304.2072), N-term(304.2072)			17750.5728	16816.5664	20131.8982	17048.5107	12095.5876	10892.1113	14794.4075	14800.9731	21371.3398	18616.7815	17640.6238	21432.2944	16035.1089	13622.8914	11655.1572	5700.5688
sp|Q13011|ECH1_HUMAN	Q13011	ECH1_HUMAN	ECH1	328	Homo sapiens	Delta(3,5)-Delta(2,4)-dienoyl-CoA isomerase, mitochondrial	1:Experimental evidence at protein level	9.15	1.0000	0.9989	3	3	3	3	3	3	2120580	2120580	2120580	6K(304.2072), N-term(304.2072)			98287.2900	93303.5938	82526.7891	42575.2952	34630.4580	30194.5530	51670.9678	57204.6816	53323.0049	66336.9795	50298.8848	60530.7314	29762.6086	23074.8674	25270.6479	0.0000
sp|Q13085|ACACA_HUMAN	Q13085	ACACA_HUMAN	ACACA	2346	Homo sapiens	Acetyl-CoA carboxylase 1	1:Experimental evidence at protein level	14.32	1.0000	0.9990	27	22	27	32	26	32	7283624	7283624	7283624	10C(57.0215), 10K(304.2072), 11K(304.2072), 13K(304.2072), 13M(15.9949), 14K(304.2072), 14M(15.9949), 17K(304.2072), 18K(304.2072), 21M(15.9949), 23K(304.2072), 2C(57.0215), 2K(304.2072), 2M(15.9949), 4K(304.2072), 4M(15.9949), 6K(304.2072), 7K(304.2072), 8K(304.2072), 9K(304.2072), N-term(304.2072)			1093065.1611	767197.6533	1021952.6025	507005.8311	394801.0989	402942.5532	640662.3071	726763.2812	815443.4937	682746.4575	755997.0317	771801.0420	355444.0059	299570.0195	362718.2646	3443.6909
sp|Q13151|ROA0_HUMAN	Q13151	ROA0_HUMAN	HNRNPA0	305	Homo sapiens	Heterogeneous nuclear ribonucleoprotein A0	1:Experimental evidence at protein level	11.80	1.0000	0.9981	4	3	3	5	3	3	1434422	1222117	1434422	11K(304.2072), 1K(304.2072), 5K(304.2072), 7K(304.2072), N-term(304.2072)			108425.7559	74188.0449	84994.5918	57592.4893	55037.8232	57386.7324	67086.8760	68325.6035	75822.5684	80530.3184	63535.1152	57723.3594	53078.6689	37605.0771	49233.4482	0.0000
sp|Q13177|PAK2_HUMAN	Q13177	PAK2_HUMAN	PAK2	524	Homo sapiens	Serine/threonine-protein kinase PAK 2	1:Experimental evidence at protein level	5.53	1.0000	0.9990	2	1	2	2	1	2	490209	267804	490209	20K(304.2072), 9K(304.2072), N-term(304.2072)			63163.1992	33935.7676	39775.4941	22277.3350	18973.5898	17724.9595	23006.3096	22937.4438	21069.1836	26502.5024	20637.7856	25786.9883	18400.6831	16580.4331	18958.2778	0.0000
sp|Q13247|SRSF6_HUMAN	Q13247	SRSF6_HUMAN	SRSF6	344	Homo sapiens	Serine/arginine-rich splicing factor 6	1:Experimental evidence at protein level	11.34	1.0000	0.9972	4	2	4	4	2	4	1987567	599192	1987567	12K(304.2072), 7K(304.2072), N-term(304.2072)			88021.0410	77449.6484	87269.0654	85347.5605	76263.9922	67985.6157	61204.6758	65869.1133	76879.0850	61747.5288	79095.3975	73326.6094	55845.2139	45147.2192	50966.9761	1621.9847
sp|Q13263|TIF1B_HUMAN	Q13263	TIF1B_HUMAN	TRIM28	835	Homo sapiens	Transcription intermediary factor 1-beta	1:Experimental evidence at protein level	5.87	1.0000	0.9990	3	3	3	3	3	3	1317248	1317248	1317248	5K(304.2072), 8K(304.2072), N-term(304.2072)			130533.1426	80668.4180	81025.6885	50013.7202	36710.2849	38165.3579	47102.7886	59344.9727	52138.0063	55758.0498	62329.9199	55684.1572	31732.9329	26923.9314	32683.0149	0.0000
sp|Q13423|NNTM_HUMAN	Q13423	NNTM_HUMAN	NNT	1086	Homo sapiens	NAD(P) transhydrogenase, mitochondrial	1:Experimental evidence at protein level	11.42	1.0000	0.9990	11	11	11	11	11	11	2539368	2539368	2539368	10K(304.2072), 13K(304.2072), 16K(304.2072), 17K(304.2072), 3M(15.9949), 8K(304.2072), 9K(304.2072), N-term(304.2072)			226686.3711	203336.5127	263205.5801	199771.5205	199462.1089	212782.6860	260108.1367	277703.2373	269727.5332	285318.9834	267481.4004	267347.6416	170647.5259	191236.4951	185490.8530	0.0000
sp|Q13509|TBB3_HUMAN	Q13509	TBB3_HUMAN	TUBB3	450	Homo sapiens	Tubulin beta-3 chain	1:Experimental evidence at protein level	43.56	1.0000	0.9990	20	6	8	47	6	11	50058103	7346744	50058103	10M(15.9949), 11M(15.9949), 12K(304.2072), 15K(304.2072), 17K(304.2072), 20K(304.2072), 5M(15.9949), 6M(15.9949), N-term(304.2072)			376951.6494	252935.9688	338582.0947	154398.8887	126885.6484	131653.6304	173096.9062	180703.3633	194984.6909	194677.3579	188543.6064	181820.4531	103039.2100	98653.3660	105701.6672	1797.6167
sp|Q13554|KCC2B_HUMAN	Q13554	KCC2B_HUMAN	CAMK2B	666	Homo sapiens	Calcium/calmodulin-dependent protein kinase type II subunit beta	1:Experimental evidence at protein level	4.65	1.0000	0.9986	3	0	3	3	0	3	1155599	     0	1155599	12K(304.2072), 3K(304.2072), N-term(304.2072)		sp|Q13555|KCC2G_HUMAN	79099.7100	45686.7959	78247.3828	35053.5674	25699.8799	29159.1147	43202.6763	50822.4971	67719.7432	56436.9053	55398.8408	52082.5010	33387.9082	29380.3364	33191.5298	1626.2775
sp|Q13835|PKP1_HUMAN	Q13835	PKP1_HUMAN	PKP1	747	Homo sapiens	Plakophilin-1	1:Experimental evidence at protein level	4.42	1.0000	0.9945	3	2	3	3	2	3	2176973	704514	2176973	N-term(304.2072)			49760.2148	35983.6582	41849.5386	35718.1665	45367.3667	47128.3813	52079.9258	53461.6260	46161.4189	59559.5547	61554.1631	62957.4111	65593.7793	37615.2471	63990.9561	0.0000
sp|Q13885|TBB2A_HUMAN	Q13885	TBB2A_HUMAN	TUBB2A	445	Homo sapiens	Tubulin beta-2A chain	1:Experimental evidence at protein level	42.92	1.0000	0.9990	20	2	20	53	2	53	61638482	6956227	61638482	10C(57.0215), 10M(15.9949), 11M(15.9949), 12K(304.2072), 14K(304.2072), 14M(15.9949), 15K(304.2072), 16M(15.9949), 17K(304.2072), 18K(304.2072), 19K(304.2072), 1K(304.2072), 20K(304.2072), 2M(15.9949), 3M(15.9949), 5M(15.9949), 6C(57.0215), 6M(15.9949), 8M(15.9949), N-term(304.2072)			2345624.0508	1636137.0740	2054269.9121	896503.9248	706025.9661	718555.2861	1012276.6431	1159900.9641	1263118.3560	1222033.7505	1249782.0879	1121105.0801	626074.9875	537379.6021	641944.5250	13031.3197
sp|Q14011|CIRBP_HUMAN	Q14011	CIRBP_HUMAN	CIRBP	172	Homo sapiens	Cold-inducible RNA-binding protein	1:Experimental evidence at protein level	22.09	1.0000	0.9990	5	5	5	6	6	6	2474458	2474458	2474458	11K(304.2072), N-term(304.2072)			119834.4785	133073.0840	124885.8193	77230.4087	82559.0435	84682.6504	123126.8936	87477.7544	108530.5557	179391.9551	88015.4370	116797.7734	61173.1494	54432.8384	61068.7261	2237.3704
sp|Q14103|HNRPD_HUMAN	Q14103	HNRPD_HUMAN	HNRNPD	355	Homo sapiens	Heterogeneous nuclear ribonucleoprotein D0	1:Experimental evidence at protein level	11.55	1.0000	0.9990	5	4	5	6	5	6	2806795	2524978	2806795	10K(304.2072), 14K(304.2072), 7C(57.0215), 8K(304.2072), N-term(304.2072)			178133.4956	153167.9453	154558.6982	108533.0283	112228.0479	105216.7715	124311.0010	106784.2305	131868.4961	161174.8750	111230.7241	126819.5107	89651.5000	74439.2300	90397.3838	0.0000
sp|Q14194|DPYL1_HUMAN	Q14194	DPYL1_HUMAN	CRMP1	572	Homo sapiens	Dihydropyrimidinase-related protein 1	1:Experimental evidence at protein level	25.17	1.0000	0.9990	16	14	15	19	16	17	32684468	6583786	32684468	12K(304.2072), 14M(15.9949), 15K(304.2072), 16K(304.2072), 18K(304.2072), 1K(304.2072), 2K(304.2072), 2M(15.9949), 3C(57.0215), 4K(304.2072), 9K(304.2072), N-term(304.2072)			975938.1240	748568.2783	758187.5049	425103.8040	354059.8789	340303.7769	542442.5298	523821.2671	549243.7388	614865.8774	488223.2661	528797.9336	304585.2476	250664.1954	278891.7354	1387.4177
sp|Q14195|DPYL3_HUMAN	Q14195	DPYL3_HUMAN	DPYSL3	570	Homo sapiens	Dihydropyrimidinase-related protein 3	1:Experimental evidence at protein level	27.02	1.0000	0.9990	13	12	12	17	16	16	29876312	7728089	29876312	10C(57.0215), 13K(304.2072), 14M(15.9949), 15K(304.2072), 16K(304.2072), 2M(15.9949), 4C(57.0215), 4K(304.2072), 8K(304.2072), N-term(304.2072)			654579.1924	496050.3711	543720.2769	278516.4241	240885.6743	224797.4976	281716.9429	305444.7285	299967.5029	321685.4346	275441.0718	300941.1411	186576.6685	162111.1575	196076.1943	2447.2466
sp|Q14204|DYHC1_HUMAN	Q14204	DYHC1_HUMAN	DYNC1H1	4646	Homo sapiens	Cytoplasmic dynein 1 heavy chain 1	1:Experimental evidence at protein level	5.51	1.0000	0.9990	20	20	20	21	21	21	1988666	1988666	1988666	10K(304.2072), 12K(304.2072), 13K(304.2072), 15K(304.2072), 18K(304.2072), 1K(304.2072), 23M(15.9949), 24K(304.2072), 2K(304.2072), 2M(15.9949), 33K(304.2072), 35C(57.0215), 41K(304.2072), 43K(304.2072), 7K(304.2072), 9K(304.2072), N-term(304.2072)			341765.3086	239925.0586	347725.5859	192513.1895	162061.4351	171951.5249	183875.4749	215319.7996	216418.0273	202146.8096	220730.4136	199229.5645	174162.6492	148887.3447	162587.2478	3484.9832
sp|Q14498|RBM39_HUMAN	Q14498	RBM39_HUMAN	RBM39	530	Homo sapiens	RNA-binding protein 39	1:Experimental evidence at protein level	5.28	1.0000	0.9988	2	2	2	2	2	2	914669	914669	914669	11K(304.2072), N-term(304.2072)			37858.5625	25339.6133	31131.5771	23194.0010	23749.8447	29722.7578	28382.1992	33310.4590	31786.4980	30858.3457	28956.7021	29296.3789	21180.2314	15113.8750	26185.0244	0.0000
sp|Q14697|GANAB_HUMAN	Q14697	GANAB_HUMAN	GANAB	944	Homo sapiens	Neutral alpha-glucosidase AB	1:Experimental evidence at protein level	6.14	1.0000	0.9965	6	6	6	7	7	7	2854052	2854052	2854052	10K(304.2072), 4M(15.9949), 7K(304.2072), N-term(304.2072)			160353.5200	120436.1729	146898.0547	92271.3330	80978.6821	92936.2310	91686.2070	83970.0491	89403.7671	101378.4575	89966.1743	90899.6260	70800.4287	61028.7305	73908.1682	1254.7203
sp|Q15019|SEPT2_HUMAN	Q15019	SEPT2_HUMAN	SEPTIN2	361	Homo sapiens	Septin-2	1:Experimental evidence at protein level	11.08	1.0000	0.9990	2	2	2	2	2	2	770046	770046	770046	N-term(304.2072)			28059.6348	17754.4434	18675.4160	9599.7627	6951.9351	7150.9019	7339.0356	7693.0713	6753.4766	6579.8354	6218.0239	7860.3774	4668.9478	2649.7151	5229.2441	0.0000
sp|Q15084|PDIA6_HUMAN	Q15084	PDIA6_HUMAN	PDIA6	440	Homo sapiens	Protein disulfide-isomerase A6	1:Experimental evidence at protein level	11.82	1.0000	0.9990	4	4	4	4	4	4	1932677	1932677	1932677	4K(304.2072), N-term(304.2072)			138605.8809	102263.8281	95404.4531	33435.2153	26497.0076	30326.2039	35935.7754	39628.8359	44491.7910	44349.8970	40279.1523	40228.7100	25209.3105	16194.2769	20893.9692	0.0000
sp|Q15149|PLEC_HUMAN	Q15149	PLEC_HUMAN	PLEC	4684	Homo sapiens	Plectin	1:Experimental evidence at protein level	1.88	1.0000	0.9990	6	5	6	6	5	6	1215568	1062447	1215568	10K(304.2072), 18K(304.2072), N-term(304.2072)			105129.7388	100745.1377	94365.2720	48039.4619	47087.5889	43507.8154	52880.1680	51003.9365	57046.3799	55834.7217	53687.1870	59638.7207	41530.7637	39532.0171	41752.3618	15318.9023
sp|Q15233|NONO_HUMAN	Q15233	NONO_HUMAN	NONO	471	Homo sapiens	Non-POU domain-containing octamer-binding protein	1:Experimental evidence at protein level	6.16	1.0000	0.9984	3	2	3	4	3	4	2174717	1558684	2174717	10K(304.2072), 7K(304.2072), 8K(304.2072), N-term(304.2072)			267367.5430	179779.2422	182385.3047	113347.6494	99859.0254	90349.2715	109779.1504	119582.9043	122912.7148	116431.4473	108922.0430	101976.8047	74437.0869	60943.6631	73615.4180	1834.0210
sp|Q15366|PCBP2_HUMAN	Q15366	PCBP2_HUMAN	PCBP2	365	Homo sapiens	Poly(rC)-binding protein 2	1:Experimental evidence at protein level	17.26	1.0000	0.9989	4	2	4	5	2	5	3293731	496447	3293731	13K(304.2072), 17M(15.9949), 4M(15.9949), 8C(57.0215), 8K(304.2072), N-term(304.2072)			134734.5361	73249.1606	103907.1963	60146.7529	40127.2500	47061.0122	59334.1011	68362.9453	72955.2251	64087.2769	67839.8267	71385.8838	37175.9949	32768.9907	33924.0481	1315.7140
sp|Q15517|CDSN_HUMAN	Q15517	CDSN_HUMAN	CDSN	529	Homo sapiens	Corneodesmosin	1:Experimental evidence at protein level	3.78	1.0000	0.9978	2	2	2	2	2	2	739856	739856	739856	11K(304.2072), 2K(304.2072), 6C(57.0215), 9K(304.2072), N-term(304.2072)			31165.6719	32502.1260	41029.5820	32255.7744	45793.0430	41337.7148	40732.4473	44142.6973	48223.6562	49065.4395	56901.3750	59087.0449	36062.9883	34306.5254	42293.3594	0.0000
sp|Q15691|MARE1_HUMAN	Q15691	MARE1_HUMAN	MAPRE1	268	Homo sapiens	Microtubule-associated protein RP/EB family member 1	1:Experimental evidence at protein level	17.91	1.0000	0.9990	3	3	3	3	3	3	1339101	1339101	1339101	18K(304.2072), 1K(304.2072), 20K(304.2072), 8K(304.2072), N-term(304.2072)			133905.5977	61619.1074	78757.1074	37718.7979	30459.4473	34490.0459	40221.1113	47786.2500	46282.9697	43461.9805	48100.5303	37556.9688	28352.0312	23536.2964	29392.4863	0.0000
sp|Q15843|NEDD8_HUMAN	Q15843	NEDD8_HUMAN	NEDD8	81	Homo sapiens	NEDD8	1:Experimental evidence at protein level	23.46	1.0000	0.9989	2	2	2	2	2	2	1358845	1358845	1358845	11K(304.2072), 16K(304.2072), 5K(304.2072), N-term(304.2072)			69110.3809	51378.0117	51837.7578	32294.0273	39936.4131	31526.2798	39155.4727	38550.0723	42538.6562	48265.8584	42073.4023	43432.2207	27621.3643	24914.1113	28910.0000	1271.7963
sp|Q15907|RB11B_HUMAN	Q15907	RB11B_HUMAN	RAB11B	218	Homo sapiens	Ras-related protein Rab-11B	1:Experimental evidence at protein level	21.10	1.0000	0.9946	5	1	5	6	1	6	1912004	253287	1912004	12K(304.2072), 8K(304.2072), N-term(304.2072), N-term(42.0106)			187042.5293	106553.1860	152394.7344	69656.7715	52637.2012	60007.2866	83755.0483	97265.6191	106226.9316	102051.5742	101127.6816	94342.1621	57834.7544	51675.8374	60069.2935	0.0000
sp|Q16181|SEPT7_HUMAN	Q16181	SEPT7_HUMAN	SEPTIN7	437	Homo sapiens	Septin-7	1:Experimental evidence at protein level	13.50	1.0000	0.9990	5	4	5	6	4	6	1810076	1752259	1810076	12K(304.2072), 14K(304.2072), 17K(304.2072), 2K(304.2072), 6M(15.9949), 7K(304.2072), 9K(304.2072), N-term(304.2072)			206650.6074	159787.0840	146153.2949	82384.8555	98924.1533	66410.4238	84620.8740	77914.5283	72234.7559	87905.0781	73584.5898	73368.0986	54216.3613	39075.8105	49717.1704	0.0000
sp|Q16352|AINX_HUMAN	Q16352	AINX_HUMAN	INA	499	Homo sapiens	Alpha-internexin	1:Experimental evidence at protein level	32.87	1.0000	0.9990	16	14	15	21	16	17	11388008	10162371	11388008	12K(304.2072), 1K(304.2072), 4K(304.2072), 7K(304.2072), 9K(304.2072), N-term(304.2072)			667003.4878	569561.7349	547443.7510	184618.6631	156073.4976	151436.3438	220426.2739	209859.2388	212402.7676	250875.9614	206919.4551	189484.0381	115899.3889	93292.4788	113626.0186	5957.6040
sp|Q16555|DPYL2_HUMAN	Q16555	DPYL2_HUMAN	DPYSL2	572	Homo sapiens	Dihydropyrimidinase-related protein 2	1:Experimental evidence at protein level	35.14	1.0000	0.9990	15	13	14	20	17	19	43179813	17545570	43179813	10C(57.0215), 11K(304.2072), 13K(304.2072), 16K(304.2072), 19K(304.2072), 1K(304.2072), 22K(304.2072), 3M(15.9949), 4K(304.2072), 6K(304.2072), 7M(15.9949), 8M(15.9949), 9K(304.2072), N-term(304.2072)			1224958.6406	996649.0532	1018258.2461	572826.0122	511215.9741	478814.6074	677009.8511	622714.8809	628710.6812	791497.7681	619669.1787	669509.8530	384066.8130	340130.3672	378201.0107	3306.1766
sp|Q16629|SRSF7_HUMAN	Q16629	SRSF7_HUMAN	SRSF7	238	Homo sapiens	Serine/arginine-rich splicing factor 7	1:Experimental evidence at protein level	19.75	1.0000	0.9990	3	3	3	4	4	4	2208320	2208320	2208320	12K(304.2072), N-term(304.2072)			63973.2578	76411.8809	85326.3535	96229.5166	75135.3047	67170.6973	70493.0605	67525.5122	87817.5996	62449.5098	84587.2412	80460.5293	53618.0605	41147.2861	46282.8662	1946.5347
sp|Q16658|FSCN1_HUMAN	Q16658	FSCN1_HUMAN	FSCN1	493	Homo sapiens	Fascin	1:Experimental evidence at protein level	19.68	1.0000	0.9990	7	7	7	10	10	10	5318732	5318732	5318732	12C(57.0215), 12K(304.2072), 27K(304.2072), 28K(304.2072), 3M(15.9949), 6K(304.2072), 7C(57.0215), N-term(304.2072)			292818.2412	201327.4600	275915.3306	128188.1262	115858.7542	97614.1218	153334.1296	180678.3169	182768.9521	190608.1489	171705.4473	179004.5718	93126.1094	74543.7842	80014.4077	1452.1285
sp|Q16891|MIC60_HUMAN	Q16891	MIC60_HUMAN	IMMT	758	Homo sapiens	MICOS complex subunit MIC60	1:Experimental evidence at protein level	3.69	1.0000	0.9990	2	2	2	2	2	2	907754	907754	907754	11K(304.2072), 5K(304.2072), N-term(304.2072)			54570.7861	28726.5713	38019.1631	16912.8315	9474.2227	10497.3093	15738.1655	23148.7500	20043.6343	14353.6597	16567.8018	19643.5205	12813.3560	7362.6299	6613.7390	0.0000
sp|Q3SXM5|HSDL1_HUMAN	Q3SXM5	HSDL1_HUMAN	HSDL1	330	Homo sapiens	Inactive hydroxysteroid dehydrogenase-like protein 1	1:Experimental evidence at protein level	9.09	1.0000	0.9990	2	2	2	2	2	2	1046219	1046219	1046219	7K(304.2072), 9K(304.2072), N-term(304.2072)			44098.4004	34309.1396	47552.3008	30209.3613	23270.5957	37430.4121	49113.3730	49664.1992	54034.7793	61246.6621	52182.2051	53855.0742	23595.6328	15790.8086	24122.0723	1360.0555
sp|Q53FP2|NACHO_HUMAN	Q53FP2	NACHO_HUMAN	TMEM35A	167	Homo sapiens	Novel acetylcholine receptor chaperone	1:Experimental evidence at protein level	19.16	1.0000	0.9990	3	3	3	4	4	4	1161235	1161235	1161235	16K(304.2072), 1K(304.2072), 20K(304.2072), 25K(304.2072), 4K(304.2072), 5K(304.2072), 6K(304.2072), 7K(304.2072), N-term(304.2072)			77293.1338	46788.9766	78903.5312	68110.9189	59056.2432	56234.1802	67484.4839	71790.4902	86325.2295	71316.7729	81387.8975	68028.4727	65996.0049	51843.3291	66658.8359	0.0000
sp|Q562R1|ACTBL_HUMAN	Q562R1	ACTBL_HUMAN	ACTBL2	376	Homo sapiens	Beta-actin-like protein 2	1:Experimental evidence at protein level	15.69	1.0000	0.9979	10	2	2	46	3	3	55705988	4051962	55705988	11K(304.2072), 13C(57.0215), 22K(304.2072)			35821.9033	141381.2422	55402.6270	48676.4688	47456.0020	29342.1797	40187.9971	17667.5493	18817.2505	35591.9102	16612.0503	29151.3887	9758.2498	7287.8337	10544.2930	0.0000
sp|Q5SSJ5|HP1B3_HUMAN	Q5SSJ5	HP1B3_HUMAN	HP1BP3	553	Homo sapiens	Heterochromatin protein 1-binding protein 3	1:Experimental evidence at protein level	9.40	1.0000	0.9990	6	6	6	6	6	6	4374196	4374196	4374196	11K(304.2072), 13K(304.2072), 2K(304.2072), 8K(304.2072), 9K(304.2072), N-term(304.2072)			272997.6777	191948.3184	234507.5625	215313.8662	168629.4277	162472.0957	116682.4590	123103.8843	162738.7783	107064.7441	150123.4648	125076.3389	123321.2300	101117.8364	163285.6572	1324.9498
sp|Q5T749|KPRP_HUMAN	Q5T749	KPRP_HUMAN	KPRP	579	Homo sapiens	Keratinocyte proline-rich protein	1:Experimental evidence at protein level	17.44	1.0000	0.9990	8	8	8	10	10	10	11189335	11189335	11189335	10C(57.0215), 1C(57.0215), 22C(57.0215), 5C(57.0215), 6C(57.0215), 7C(57.0215), 8C(57.0215), N-term(304.2072)			171289.6021	102779.8511	128737.4761	102079.7275	103475.8005	120563.1958	267029.9297	133865.8584	228252.1030	162570.1060	196009.4673	200125.7085	141282.3430	169821.6062	175123.5510	0.0000
sp|Q6DN03|H2B2C_HUMAN	Q6DN03	H2B2C_HUMAN	H2BC20P	193	Homo sapiens	Putative histone H2B type 2-C	5:Protein uncertain	16.58	1.0000	0.9990	4	0	3	6	0	5	20994291	     0	20994291	10K(304.2072), 1K(304.2072), 5M(15.9949), 9K(304.2072), N-term(304.2072)		sp|Q6DRA6|H2B2D_HUMAN	394545.3916	180075.2222	280946.6387	172184.7715	158973.5327	164426.3179	140954.8687	139783.1323	194240.2192	135292.3696	159379.2632	141932.5664	111233.3696	81510.6450	136526.6182	2237.2683
sp|Q6UWP8|SBSN_HUMAN	Q6UWP8	SBSN_HUMAN	SBSN	590	Homo sapiens	Suprabasin	1:Experimental evidence at protein level	15.25	1.0000	0.9990	2	2	2	3	3	3	1320499	1320499	1320499	N-term(304.2072)			4743.7246	3595.8340	6712.1890	5954.8096	5230.8232	3492.4392	2392.8127	5462.0044	6859.8687	4409.6440	6007.8115	6697.1831	4727.7300	3813.4194	3664.0261	0.0000
sp|Q71U36|TBA1A_HUMAN	Q71U36	TBA1A_HUMAN	TUBA1A	451	Homo sapiens	Tubulin alpha-1A chain	1:Experimental evidence at protein level	51.88	1.0000	0.9990	20	0	20	59	0	59	42387638	     0	42387638	10K(304.2072), 11K(304.2072), 11M(15.9949), 12K(304.2072), 13K(304.2072), 15C(57.0215), 16K(304.2072), 18K(304.2072), 20K(304.2072), 22M(15.9949), 24K(304.2072), 2M(15.9949), 4C(57.0215), 4K(304.2072), 5C(57.0215), 7K(304.2072), 8C(57.0215), 8K(304.2072), 8M(15.9949), N-term(304.2072)			3652357.6577	2290530.5181	3195945.5190	1368520.6724	1430580.6479	1094171.9863	1400618.7720	1512593.1172	1626493.2222	1562172.9336	1608234.7949	1486542.7227	872655.6467	710390.2129	848015.4565	78642.8865
sp|Q86V81|THOC4_HUMAN	Q86V81	THOC4_HUMAN	ALYREF	257	Homo sapiens	THO complex subunit 4	1:Experimental evidence at protein level	16.73	1.0000	0.9990	2	2	2	2	2	2	1292228	1292228	1292228	12M(15.9949), N-term(304.2072)			26578.3057	22082.7959	30088.6738	27156.4502	26373.3135	34860.6260	24134.0439	21772.5488	27320.3711	26091.5430	24495.8760	27263.8379	22712.0986	22936.7178	28141.1572	0.0000
sp|Q8N1G4|LRC47_HUMAN	Q8N1G4	LRC47_HUMAN	LRRC47	583	Homo sapiens	Leucine-rich repeat-containing protein 47	1:Experimental evidence at protein level	9.95	1.0000	0.9990	5	5	5	5	5	5	2492542	2492542	2492542	9K(304.2072), N-term(304.2072)			155548.7402	114267.4648	105635.8184	85718.2095	73259.8003	79258.0903	113032.9595	95379.4185	97923.6543	109428.8135	90041.9531	90558.0342	49625.1511	41865.9404	44485.0298	1652.7751
sp|Q8NBX0|SCPDL_HUMAN	Q8NBX0	SCPDL_HUMAN	SCCPDH	429	Homo sapiens	Saccharopine dehydrogenase-like oxidoreductase	1:Experimental evidence at protein level	8.39	1.0000	0.9989	4	4	4	4	4	4	1160501	1160501	1160501	14K(304.2072), 6K(304.2072), 8K(304.2072), N-term(304.2072)			86377.3633	56698.4316	91806.6016	53924.3438	49739.2041	52300.3623	58439.1016	49455.5400	62271.7803	64415.7256	53841.5391	55844.4414	44556.5293	40402.7852	46611.1396	0.0000
sp|Q92522|H1X_HUMAN	Q92522	H1X_HUMAN	H1-10	213	Homo sapiens	Histone H1.10	1:Experimental evidence at protein level	12.68	1.0000	0.9990	2	2	2	2	2	2	1849881	1849881	1849881	12K(304.2072), 5K(304.2072), N-term(304.2072)			52578.0547	42132.8477	50168.1387	71860.1387	85003.9961	83730.7051	39179.7080	41373.8281	42170.3789	38842.1953	38440.5493	39072.8369	42493.4873	35466.2959	51999.7979	0.0000
sp|Q92743|HTRA1_HUMAN	Q92743	HTRA1_HUMAN	HTRA1	480	Homo sapiens	Serine protease HTRA1	1:Experimental evidence at protein level	13.12	1.0000	0.9987	4	4	4	4	4	4	887595	887595	887595	1C(57.0215), 7K(304.2072), 8C(57.0215), N-term(304.2072)			137828.0859	64661.0527	114600.2422	26894.5566	20253.4609	17300.2866	17834.0518	17687.6050	24055.2441	18183.2227	17719.5840	17469.8984	10218.7920	8953.8125	9953.2678	0.0000
sp|Q93050|VPP1_HUMAN	Q93050	VPP1_HUMAN	ATP6V0A1	837	Homo sapiens	V-type proton ATPase 116 kDa subunit a 1	1:Experimental evidence at protein level	2.39	1.0000	0.9978	2	2	2	2	2	2	806657	806657	806657	9K(304.2072), N-term(304.2072)			28291.7031	29501.7090	32604.7900	12496.6143	12382.8257	12764.3237	23873.4883	22010.9775	25226.6699	25960.3281	27116.0723	24396.8564	13863.7485	12691.3926	11896.7832	0.0000
sp|Q969F0|FATE1_HUMAN	Q969F0	FATE1_HUMAN	FATE1	183	Homo sapiens	Fetal and adult testis-expressed transcript protein	1:Experimental evidence at protein level	19.67	1.0000	0.9716	1	1	1	29	29	29	8858872	8858872	8858872	28M(15.9949), 3M(15.9949), N-term(304.2072)			2007.6738	6619.5820	10818.3052	11515.6172	13759.9341	14808.6030	11628.9751	11732.1309	9862.7773	13047.6787	8782.5869	13314.1855	6863.7424	10422.1074	10498.9028	0.0000
sp|Q96CW1|AP2M1_HUMAN	Q96CW1	AP2M1_HUMAN	AP2M1	435	Homo sapiens	AP-2 complex subunit mu	1:Experimental evidence at protein level	14.25	1.0000	0.9988	7	7	7	7	7	7	2281748	2281748	2281748	11K(304.2072), 3M(15.9949), 4K(304.2072), 6K(304.2072), 9K(304.2072), N-term(304.2072)			300100.2363	119020.3906	201147.8789	137247.4609	101544.5908	118213.1865	98966.4766	106651.7617	150169.8623	97077.8535	123127.1855	116271.5869	95623.8066	83715.2261	107921.3994	0.0000
sp|Q96FZ7|CHMP6_HUMAN	Q96FZ7	CHMP6_HUMAN	CHMP6	201	Homo sapiens	Charged multivesicular body protein 6	1:Experimental evidence at protein level	12.44	1.0000	0.9989	2	2	2	2	2	2	772604	772604	772604	12K(304.2072), 6K(304.2072), N-term(304.2072)			46745.8730	38207.1279	45364.9199	39685.9248	23988.8750	29721.4941	48005.9141	33108.2734	43747.4863	46047.7373	43329.9912	41360.6240	21308.9609	16462.5576	21131.4854	0.0000
sp|Q96RQ3|MCCA_HUMAN	Q96RQ3	MCCA_HUMAN	MCCC1	725	Homo sapiens	Methylcrotonoyl-CoA carboxylase subunit alpha, mitochondrial	1:Experimental evidence at protein level	48.41	1.0000	0.9990	28	28	28	71	71	71	43073816	43073816	43073816	10M(15.9949), 11C(57.0215), 11K(304.2072), 11M(15.9949), 12K(304.2072), 13K(304.2072), 14K(304.2072), 14M(15.9949), 15K(304.2072), 17K(304.2072), 18M(15.9949), 1K(304.2072), 23C(57.0215), 24C(57.0215), 24K(304.2072), 25K(304.2072), 2M(15.9949), 3M(15.9949), 4C(57.0215), 6K(304.2072), 6M(15.9949), 7M(15.9949), 8K(304.2072), 8M(15.9949), N-term(304.2072)			2891450.1294	2140998.3828	2775843.9873	1025168.9202	871642.8336	885281.9464	2243375.4854	2154955.8252	2492874.6113	2331878.0347	2062590.1387	2176828.5405	667838.9235	564246.1348	704174.1677	6700.4771
sp|Q99536|VAT1_HUMAN	Q99536	VAT1_HUMAN	VAT1	393	Homo sapiens	Synaptic vesicle membrane protein VAT-1 homolog	1:Experimental evidence at protein level	9.41	1.0000	0.9990	3	3	3	6	6	6	2616328	2616328	2616328	10K(304.2072), 16K(304.2072), 6K(304.2072), 6M(15.9949), 8M(15.9949), 9K(304.2072), N-term(304.2072)			306189.2080	216143.4121	342689.8965	152225.9526	109574.0708	102913.5957	116690.0454	138932.3960	144933.6523	127126.0811	154429.0493	137004.9365	98062.1880	82620.1411	89523.1108	0.0000
sp|Q99623|PHB2_HUMAN	Q99623	PHB2_HUMAN	PHB2	299	Homo sapiens	Prohibitin-2	1:Experimental evidence at protein level	43.14	1.0000	0.9990	11	11	11	18	18	18	8261419	8261419	8261419	11K(304.2072), 12K(304.2072), 13M(15.9949), 14K(304.2072), 2K(304.2072), 7K(304.2072), N-term(304.2072)			449737.4243	405674.0093	446917.8975	316542.7598	257208.8174	229633.1868	322694.9033	280446.5508	311791.6401	421166.6265	286884.0718	311692.2549	200584.8284	184181.9617	181064.6887	48385.2474
sp|Q99719|SEPT5_HUMAN	Q99719	SEPT5_HUMAN	SEPTIN5	369	Homo sapiens	Septin-5	1:Experimental evidence at protein level	9.49	1.0000	0.9990	2	2	2	3	3	3	702530	702530	702530	12K(304.2072), 7K(304.2072), 9K(304.2072), N-term(304.2072)			44037.2241	27759.3706	41154.7109	17755.8401	12288.1022	15756.0066	23092.6199	39834.4209	30721.7437	31317.1047	23395.5320	32307.0039	21349.6589	13668.8062	15784.7878	0.0000
sp|Q99798|ACON_HUMAN	Q99798	ACON_HUMAN	ACO2	780	Homo sapiens	Aconitate hydratase, mitochondrial	1:Experimental evidence at protein level	15.77	1.0000	0.9990	8	8	8	9	9	9	4276583	4276583	4276583	10K(304.2072), 14K(304.2072), 15K(304.2072), 19K(304.2072), 27K(304.2072), 3M(15.9949), N-term(304.2072)			196210.5405	189250.2974	180596.1299	99188.5718	91575.3853	78327.3018	166248.0991	161086.5938	194470.1372	187428.6858	169733.8130	178853.7915	62082.2816	61406.8879	67348.3342	2301.6580
sp|Q99832|TCPH_HUMAN	Q99832	TCPH_HUMAN	CCT7	543	Homo sapiens	T-complex protein 1 subunit eta	1:Experimental evidence at protein level	11.23	1.0000	0.9990	5	5	5	5	5	5	2281250	2281250	2281250	10K(304.2072), 12C(57.0215), 12K(304.2072), 22K(304.2072), 7K(304.2072), N-term(304.2072)			234659.7607	157906.7910	183681.8145	105779.2471	70332.1191	72233.6782	91671.4141	104660.8916	103012.0967	110097.4443	98117.8799	102233.1582	71044.8540	65404.7241	78966.9756	7776.7316
sp|Q9BPU6|DPYL5_HUMAN	Q9BPU6	DPYL5_HUMAN	DPYSL5	564	Homo sapiens	Dihydropyrimidinase-related protein 5	1:Experimental evidence at protein level	21.99	1.0000	0.9990	8	8	8	11	11	11	2843692	2843692	2843692	11K(304.2072), 14K(304.2072), 15K(304.2072), 16K(304.2072), 2M(15.9949), 6C(57.0215), 8K(304.2072), N-term(304.2072)			270355.7461	184332.7749	244172.1553	137679.4219	119015.3149	113152.1309	157123.6001	171146.8232	173415.6982	169949.3188	158263.8813	170105.0161	106732.2019	88827.4429	117049.7405	0.0000
sp|Q9BPW8|NIPS1_HUMAN	Q9BPW8	NIPS1_HUMAN	NIPSNAP1	284	Homo sapiens	Protein NipSnap homolog 1	1:Experimental evidence at protein level	10.21	1.0000	0.9965	3	2	3	3	2	3	2812101	1173298	2812101	2K(304.2072), 3M(15.9949), 6M(15.9949), 7K(304.2072), N-term(304.2072)			77218.8281	60205.0449	81978.2012	46991.1094	43031.9268	39540.5518	84443.3574	77951.4883	96029.5352	110778.5977	93582.5488	89586.9746	41242.8486	33548.7598	33906.5391	0.0000
sp|Q9BRX8|PXL2A_HUMAN	Q9BRX8	PXL2A_HUMAN	PRXL2A	229	Homo sapiens	Peroxiredoxin-like 2A	1:Experimental evidence at protein level	11.79	1.0000	0.9990	3	3	3	3	3	3	686915	686915	686915	12K(304.2072), 16K(304.2072), 8K(304.2072), N-term(304.2072)			67937.4453	36908.0918	52198.9873	25204.0039	22899.8877	23152.2134	32364.4434	38054.1436	39628.0420	36237.0352	38377.5928	33410.5283	18457.2874	18466.6279	24026.5767	0.0000
sp|Q9BVA1|TBB2B_HUMAN	Q9BVA1	TBB2B_HUMAN	TUBB2B	445	Homo sapiens	Tubulin beta-2B chain	1:Experimental evidence at protein level	42.92	1.0000	0.9990	20	2	2	54	3	3	61638482	11276926	61638482	12K(304.2072), N-term(304.2072)			164266.8145	142416.6035	132453.8652	63458.0244	59866.5811	46143.9033	70355.8896	65215.3975	68786.0068	85351.0273	63945.9160	62963.4775	33623.1597	29298.3130	31197.4824	0.0000
sp|Q9BWD1|THIC_HUMAN	Q9BWD1	THIC_HUMAN	ACAT2	397	Homo sapiens	Acetyl-CoA acetyltransferase, cytosolic	1:Experimental evidence at protein level	15.87	1.0000	0.9990	4	4	4	4	4	4	3367278	3367278	3367278	1K(304.2072), 21C(57.0215), 5K(304.2072), 6K(304.2072), 7K(304.2072), N-term(304.2072)			179695.6230	97392.7773	111253.5781	69634.2617	54986.7563	59507.9141	53140.0322	58353.4878	51185.3813	55578.0312	57959.8647	53459.7090	50019.3247	30048.4436	48121.6519	0.0000
sp|Q9H9B4|SFXN1_HUMAN	Q9H9B4	SFXN1_HUMAN	SFXN1	322	Homo sapiens	Sideroflexin-1	1:Experimental evidence at protein level	12.73	1.0000	0.9990	4	3	4	4	3	4	3040189	3040189	3040189	9K(304.2072), N-term(304.2072)			58620.2285	47660.0215	60870.2559	39154.7012	31349.4863	29920.7793	43896.6855	42793.7461	50660.8047	50805.9668	47164.6562	49085.7129	33112.2939	29181.7930	29122.3301	0.0000
sp|Q9NQC3|RTN4_HUMAN	Q9NQC3	RTN4_HUMAN	RTN4	1192	Homo sapiens	Reticulon-4	1:Experimental evidence at protein level	2.60	1.0000	0.9990	3	3	3	3	3	3	1457868	1457868	1457868	14K(304.2072), 9K(304.2072), N-term(304.2072)			71536.2031	33415.0269	63641.4629	22271.1626	17185.9309	20276.6982	26804.7710	39141.2949	40653.2227	29295.7275	40109.7383	33797.3789	18365.7983	16530.2422	14758.8743	1357.3250
sp|Q9NRW1|RAB6B_HUMAN	Q9NRW1	RAB6B_HUMAN	RAB6B	208	Homo sapiens	Ras-related protein Rab-6B	1:Experimental evidence at protein level	25.00	1.0000	0.9986	4	1	3	5	1	3	2357250	338896	2357250	12K(304.2072), 14K(304.2072), 18K(304.2072), 7M(15.9949), 8M(15.9949), N-term(304.2072)			69337.0029	54960.5518	73556.9600	30837.9453	28992.4202	26594.5012	36234.5857	45205.0620	44862.5674	46864.2930	42091.6758	50140.0649	26322.3755	23920.0183	27331.9502	0.0000
sp|Q9NTZ6|RBM12_HUMAN	Q9NTZ6	RBM12_HUMAN	RBM12	932	Homo sapiens	RNA-binding protein 12	1:Experimental evidence at protein level	4.51	1.0000	0.9989	4	4	4	5	5	5	1438755	1438755	1438755	12M(15.9949), N-term(304.2072)			98346.7803	56355.3320	60793.5688	52797.9438	43511.6064	52414.4648	46345.3931	42956.0615	39515.0254	50010.2153	37790.2827	45065.0337	30703.0090	29753.6558	27788.6638	1864.4855
sp|Q9NVI7|ATD3A_HUMAN	Q9NVI7	ATD3A_HUMAN	ATAD3A	634	Homo sapiens	ATPase family AAA domain-containing protein 3A	1:Experimental evidence at protein level	5.99	1.0000	0.9990	2	1	2	2	1	2	520070	304020	520070	6K(304.2072), N-term(304.2072)			8436.0244	9161.6826	10319.1924	6292.8623	6091.6465	5438.5659	6582.5474	7123.6372	8401.4639	10243.2041	10005.4209	9464.1758	4340.9678	3146.9172	3306.3689	0.0000
sp|Q9NX63|MIC19_HUMAN	Q9NX63	MIC19_HUMAN	CHCHD3	227	Homo sapiens	MICOS complex subunit MIC19	1:Experimental evidence at protein level	15.42	1.0000	0.9990	3	3	3	3	3	3	1721259	1721259	1721259	11K(304.2072), 12K(304.2072), 15K(304.2072), N-term(304.2072)			124669.7090	82556.6504	83477.7773	49352.9956	49761.6299	51357.7754	75972.0801	72542.4053	80971.8750	68506.9053	74689.3027	63957.2646	34934.0967	28192.0396	30621.2551	0.0000
sp|Q9NY12|GAR1_HUMAN	Q9NY12	GAR1_HUMAN	GAR1	217	Homo sapiens	H/ACA ribonucleoprotein complex subunit 1	1:Experimental evidence at protein level	16.59	1.0000	0.9990	4	3	3	5	3	3	1142500	1142500	1142500	11C(57.0215), 17C(57.0215), 18K(304.2072), 7K(304.2072), N-term(304.2072)			134533.0957	64971.0605	97729.2246	61673.6660	41616.8804	49351.3057	39997.6382	43420.3286	66484.4062	39010.5674	57003.7988	47391.0713	35276.8286	27565.0342	40859.9854	0.0000
sp|Q9NZ56|FMN2_HUMAN	Q9NZ56	FMN2_HUMAN	FMN2	1722	Homo sapiens	Formin-2	1:Experimental evidence at protein level	3.72	1.0000	0.9990	4	4	4	5	5	5	1867641	1867641	1867641	10M(15.9949), 11K(304.2072), 17K(304.2072), 18K(304.2072), 3M(15.9949), 7K(304.2072), 8K(304.2072), N-term(304.2072)			311917.8809	206342.0234	174324.1602	44074.6030	39528.4399	39959.1587	54202.8472	39709.8159	40451.7234	40404.1206	36047.0051	38826.1111	23097.5553	22413.7958	23300.1904	0.0000
sp|Q9NZI8|IF2B1_HUMAN	Q9NZI8	IF2B1_HUMAN	IGF2BP1	577	Homo sapiens	Insulin-like growth factor 2 mRNA-binding protein 1	1:Experimental evidence at protein level	10.05	1.0000	0.9990	4	4	4	4	4	4	1056807	1056807	1056807	10K(304.2072), 13K(304.2072), N-term(304.2072)			69996.9082	38222.3545	44230.0957	45903.1025	33303.3940	35606.1123	34328.1953	35130.5767	42295.9551	35842.2344	37946.2666	38477.7031	34098.6206	23984.5732	44044.0459	0.0000
sp|Q9NZT1|CALL5_HUMAN	Q9NZT1	CALL5_HUMAN	CALML5	146	Homo sapiens	Calmodulin-like protein 5	1:Experimental evidence at protein level	47.26	1.0000	0.9990	5	5	5	6	6	6	10361047	10361047	10361047	13K(304.2072), 14K(304.2072), 1K(304.2072), 23K(304.2072), 24K(304.2072), N-term(304.2072), N-term(42.0106)			47294.4099	51915.1458	68679.5479	69873.2598	157517.0610	74721.1709	79537.8887	149584.4766	122106.5132	110202.8862	121090.4146	163534.9409	102325.9531	78130.4900	140687.1846	0.0000
sp|Q9P0M6|H2AW_HUMAN	Q9P0M6	H2AW_HUMAN	MACROH2A2	372	Homo sapiens	Core histone macro-H2A.2	1:Experimental evidence at protein level	20.16	1.0000	0.9989	6	4	4	9	5	5	9294033	2323359	9294033	26K(304.2072), 2K(304.2072), 30K(304.2072), 4K(304.2072), 7K(304.2072), 8K(304.2072), N-term(304.2072)			169466.6265	112945.2627	153895.7832	95829.2051	92759.3350	94185.4976	96623.4521	97045.3442	120204.3711	80143.3022	109523.0474	96781.1328	74549.1108	54268.1816	81138.6970	0.0000
sp|Q9UH03|SEPT3_HUMAN	Q9UH03	SEPT3_HUMAN	SEPTIN3	358	Homo sapiens	Neuronal-specific septin-3	1:Experimental evidence at protein level	8.38	1.0000	0.9989	3	3	3	3	3	3	1909078	1909078	1909078	12K(304.2072), 3K(304.2072), 8K(304.2072), N-term(304.2072)			87090.6816	59741.6201	77135.7480	34303.5898	29280.7588	26667.2607	52937.7559	50984.3506	52994.4346	49243.0674	48990.8564	50674.8438	25699.1323	22548.0386	24658.4160	0.0000
sp|Q9UJS0|S2513_HUMAN	Q9UJS0	S2513_HUMAN	SLC25A13	675	Homo sapiens	Electrogenic aspartate/glutamate antiporter SLC25A13, mitochondrial	1:Experimental evidence at protein level	5.48	1.0000	0.9990	2	2	2	2	2	2	1156384	1156384	1156384	N-term(304.2072)			25908.3672	35693.3623	35164.2520	28483.9346	26958.1035	21679.5645	24450.8389	19009.2715	21280.0576	30678.9932	21180.9497	22807.0859	14355.0674	12123.2563	14543.8145	1793.4290
sp|Q9Y230|RUVB2_HUMAN	Q9Y230	RUVB2_HUMAN	RUVBL2	463	Homo sapiens	RuvB-like 2	1:Experimental evidence at protein level	9.07	1.0000	0.9990	2	2	2	2	2	2	493287	493287	493287	12K(304.2072), 4K(304.2072), N-term(304.2072)			32214.8423	29522.3677	34111.9692	21690.7920	23097.0752	18373.3838	17081.7690	18589.6611	17164.8960	20872.0132	21367.2822	21694.8931	14763.9175	11043.7197	15372.9287	5045.7637
sp|Q9Y265|RUVB1_HUMAN	Q9Y265	RUVB1_HUMAN	RUVBL1	456	Homo sapiens	RuvB-like 1	1:Experimental evidence at protein level	10.09	1.0000	0.9990	3	3	3	3	3	3	1530788	1530788	1530788	10M(15.9949), 11K(304.2072), 22K(304.2072), 8K(304.2072), N-term(304.2072)			78398.5332	53984.9922	56973.4512	38651.2832	37282.0312	34913.1816	36797.5928	39492.3652	38069.3545	40726.6689	38177.1650	41403.3223	26165.6284	19625.3979	28487.4185	0.0000
sp|Q9Y277|VDAC3_HUMAN	Q9Y277	VDAC3_HUMAN	VDAC3	283	Homo sapiens	Voltage-dependent anion-selective channel protein 3	1:Experimental evidence at protein level	14.84	1.0000	0.9989	5	4	4	6	4	4	2709284	2601622	2709284	11K(304.2072), 13K(304.2072), 1C(57.0215), 2K(304.2072), 6M(15.9949), 7C(57.0215), 8K(304.2072), N-term(304.2072), N-term(42.0106)			152043.0098	97952.5029	155845.0659	84775.6094	85293.1040	83075.6736	127612.1455	137778.6191	145554.8945	157417.3120	136992.9941	147258.3022	74971.2476	65315.6653	73584.6128	0.0000
sp|Q9Y2W2|WBP11_HUMAN	Q9Y2W2	WBP11_HUMAN	WBP11	641	Homo sapiens	WW domain-binding protein 11	1:Experimental evidence at protein level	5.15	1.0000	0.9990	3	3	3	3	3	3	1657791	1657791	1657791	11K(304.2072), 15K(304.2072), 8K(304.2072), N-term(304.2072)			85219.8887	58259.2637	39559.2275	30687.5908	41839.1855	44495.6963	34673.7725	29814.9316	31368.4111	35247.5938	28279.0879	26296.9204	21047.7803	20434.4712	22797.6846	0.0000
sp|Q9Y3I0|RTCB_HUMAN	Q9Y3I0	RTCB_HUMAN	RTCB	505	Homo sapiens	RNA-splicing ligase RtcB homolog	1:Experimental evidence at protein level	7.33	1.0000	0.9990	2	2	2	2	2	2	608511	608511	608511	23K(304.2072), N-term(304.2072)			14662.1074	9084.7031	12677.8389	6734.9185	3623.9397	4079.7297	6799.0483	6504.0415	7913.5537	7142.0288	6914.5166	7469.8662	3799.1450	3251.4521	3474.4829	0.0000
sp|Q9Y4I1|MYO5A_HUMAN	Q9Y4I1	MYO5A_HUMAN	MYO5A	1855	Homo sapiens	Unconventional myosin-Va	1:Experimental evidence at protein level	1.62	1.0000	0.9989	3	3	3	3	3	3	8731927	8731927	8731927	10K(304.2072), 11K(304.2072), 9K(304.2072), N-term(304.2072)			60339.2988	50781.6279	77344.2656	55626.7051	54685.6899	60483.9492	85266.3799	74415.0869	90748.2100	80783.8252	87966.5664	83392.3896	56705.3545	45691.7544	54801.3525	2068.6167
sp|Q9Y4L1|HYOU1_HUMAN	Q9Y4L1	HYOU1_HUMAN	HYOU1	999	Homo sapiens	Hypoxia up-regulated protein 1	1:Experimental evidence at protein level	4.80	1.0000	0.9990	5	4	5	5	4	5	1923396	1923396	1923396	7K(304.2072), N-term(304.2072)			117167.9766	88126.6211	95802.5596	50516.6475	39727.3577	43950.3467	48875.1396	49401.2341	50591.8477	58174.8423	49561.4658	50299.7656	38717.9946	29770.8159	32331.0342	1712.5519
tr|A0A140TA62|A0A140TA62_HUMAN	A0A140TA62	A0A140TA62_HUMAN	LOC100653049	436	Homo sapiens	IF rod domain-containing protein	3:Protein inferred from homology	21.33	1.0000	0.9990	10	0	5	13	0	6	8753588	     0	8753588	9K(304.2072), N-term(304.2072)			739118.8711	40741.5657	70778.8901	42820.8860	78856.5923	63796.3413	54937.2422	53132.1101	50937.1445	63541.8740	97240.1143	56185.8257	393429.2266	39975.8271	54253.0364	0.0000
contam_sp|Q01546|K22O_HUMAN	Q01546	K22O_HUMAN	KRT76	638	Homo sapiens	Keratin, type II cytoskeletal 2 oral	1:Experimental evidence at protein level	13.17	0.9999	0.9956	12	0	2	27	0	2	381316824	     0	381316824	11K(304.2072), 12K(304.2072), N-term(304.2072)		sp|Q01546|K22O_HUMAN	25062.1680	8081.3696	8732.9805	6874.2778	6766.0034	6239.3833	12066.7129	10797.8643	105566.8438	15337.2803	33336.7461	8138.1934	22318.8809	7583.0176	5582.4976	0.0000
sp|O00571|DDX3X_HUMAN	O00571	DDX3X_HUMAN	DDX3X	662	Homo sapiens	ATP-dependent RNA helicase DDX3X	1:Experimental evidence at protein level	3.17	0.9999	0.9990	2	1	2	4	1	4	744210	399926	744210	8K(304.2072), N-term(304.2072)			64184.1689	62030.1553	69167.0801	51826.7832	45565.3340	43938.1875	45158.4258	50950.2559	52447.1777	55484.2539	53199.6934	52375.3252	47781.9141	43314.0566	38066.0347	26579.3298
sp|O15305|PMM2_HUMAN	O15305	PMM2_HUMAN	PMM2	246	Homo sapiens	Phosphomannomutase 2	1:Experimental evidence at protein level	8.54	0.9999	0.9989	2	1	2	5	3	5	704510	415200	704510	2M(15.9949)			6617.7412	6229.3496	9924.7341	8253.7275	8310.7195	9625.4695	7517.8945	8226.0671	8707.2329	11107.5171	8620.4419	8935.5483	8559.9287	6618.1460	7649.2954	0.0000
sp|P05198|IF2A_HUMAN	P05198	IF2A_HUMAN	EIF2S1	315	Homo sapiens	Eukaryotic translation initiation factor 2 subunit 1	1:Experimental evidence at protein level	6.03	0.9999	0.9984	2	2	2	2	2	2	470586	470586	470586	7K(304.2072), N-term(304.2072)			51330.6094	36308.4609	44383.5352	19119.4922	15276.6704	16684.4556	22147.0630	27341.8911	29559.2808	22300.5669	22239.2798	28731.2500	18260.7798	14019.0403	15231.9600	0.0000
sp|P07099|HYEP_HUMAN	P07099	HYEP_HUMAN	EPHX1	455	Homo sapiens	Epoxide hydrolase 1	1:Experimental evidence at protein level	6.59	0.9999	0.9990	2	2	2	2	2	2	2416366	2416366	2416366	9K(304.2072), N-term(304.2072)			8515.4951	7419.7798	9040.2861	5705.6348	3903.2673	2950.4321	3654.6147	5702.9106	6456.2783	5371.5234	4361.5815	5650.7256	4053.9778	3755.8979	3891.4053	0.0000
sp|P08195|4F2_HUMAN	P08195	4F2_HUMAN	SLC3A2	630	Homo sapiens	4F2 cell-surface antigen heavy chain	1:Experimental evidence at protein level	4.44	0.9999	0.9990	2	2	2	3	3	3	473998	473998	473998	2K(304.2072), 9K(304.2072), N-term(304.2072)			41998.1250	32761.0576	41851.7285	34085.7109	27840.1333	29400.1621	34070.7031	32021.8589	31791.3193	36632.3145	40996.5928	37213.7666	28896.7383	30400.4775	27129.2080	14267.0493
sp|P10515|ODP2_HUMAN	P10515	ODP2_HUMAN	DLAT	647	Homo sapiens	Dihydrolipoyllysine-residue acetyltransferase component of pyruvate dehydrogenase complex, mitochondrial	1:Experimental evidence at protein level	2.47	0.9999	0.9915	2	2	2	2	2	2	1168757	1168757	1168757	8K(304.2072), N-term(304.2072)			61573.3945	46792.9609	57373.8301	30720.8799	30797.4961	26944.6143	48701.4375	45109.4609	48429.3066	52310.7090	40804.6777	47655.4434	23618.6641	23805.0664	24244.0205	0.0000
sp|P12268|IMDH2_HUMAN	P12268	IMDH2_HUMAN	IMPDH2	514	Homo sapiens	Inosine-5'-monophosphate dehydrogenase 2	1:Experimental evidence at protein level	6.81	0.9999	0.9989	3	3	3	3	3	3	1148167	1148167	1148167	12K(304.2072), 14K(304.2072), 7K(304.2072), 9K(304.2072), N-term(304.2072)			18291.8691	9025.1953	12976.5000	8072.2173	3346.0977	6370.2100	8978.8477	10879.0410	12697.6865	10773.1768	13898.4678	12323.0674	6788.7852	7180.3682	8040.3184	0.0000
sp|P22061|PIMT_HUMAN	P22061	PIMT_HUMAN	PCMT1	227	Homo sapiens	Protein-L-isoaspartate(D-aspartate) O-methyltransferase	1:Experimental evidence at protein level	8.81	0.9999	0.9961	2	2	2	2	2	2	911362	911362	911362	1K(304.2072), N-term(304.2072)			88324.0703	50475.1816	67889.5625	28650.1445	17758.1387	16189.9082	24541.2656	36025.6650	32583.1094	31177.7275	27598.9922	26142.2549	21208.3027	19508.1777	21087.3223	1167.3667
sp|P27797|CALR_HUMAN	P27797	CALR_HUMAN	CALR	417	Homo sapiens	Calreticulin	1:Experimental evidence at protein level	8.63	0.9999	0.9990	2	2	2	7	7	7	976075	976075	976075	29K(304.2072), 7K(304.2072), N-term(304.2072)			49403.0625	46340.9282	39040.8628	37526.0745	36418.8770	40516.4373	35935.1130	31906.6426	43382.3579	46293.2588	34762.1331	36742.8438	41648.7915	40888.2939	29850.0442	13889.5527
sp|P32969|RL9_HUMAN	P32969	RL9_HUMAN	RPL9P9	192	Homo sapiens	60S ribosomal protein L9	1:Experimental evidence at protein level	5.73	0.9999	0.9939	2	2	2	2	2	2	1027741	1027741	1027741	10K(304.2072), 11K(304.2072), 1K(304.2072), N-term(304.2072)			53345.8242	35705.9883	53935.5117	30551.8301	33903.5654	30013.7666	28815.1738	30555.7295	36951.3525	30017.9688	36976.4893	32368.0557	24595.9116	22036.5083	28019.9775	1758.6935
sp|P37802|TAGL2_HUMAN	P37802	TAGL2_HUMAN	TAGLN2	199	Homo sapiens	Transgelin-2	1:Experimental evidence at protein level	9.55	0.9999	0.9942	2	2	2	2	2	2	776737	776737	776737	11K(304.2072), N-term(304.2072)			43187.2617	20664.5664	34500.2461	7312.5957	2546.9172	3949.3269	6007.2842	4521.0522	5605.6738	4872.7144	6924.2671	5843.9795	5677.0083	4505.9971	3875.3909	0.0000
sp|P39023|RL3_HUMAN	P39023	RL3_HUMAN	RPL3	403	Homo sapiens	60S ribosomal protein L3	1:Experimental evidence at protein level	7.44	0.9999	0.9886	3	2	3	3	2	3	2585318	1519871	2585318	16K(304.2072), 4M(15.9949), 7K(304.2072), N-term(304.2072)			147668.9390	95985.1074	173737.9717	89807.8657	76584.7886	66758.9575	88691.6152	88529.4189	125019.5928	92976.1836	110241.0776	100085.5107	53433.3247	44439.7310	49637.4653	4508.2150
sp|P46778|RL21_HUMAN	P46778	RL21_HUMAN	RPL21	160	Homo sapiens	60S ribosomal protein L21	1:Experimental evidence at protein level	14.38	0.9999	0.9990	2	2	2	2	2	2	1744856	1744856	1744856	15K(304.2072), 1K(304.2072), 8K(304.2072), N-term(304.2072)			10947.1006	11416.9678	15942.1074	12606.3271	13933.2939	15934.2500	13301.7168	10844.3584	10765.5547	15712.0762	11745.1611	15118.7002	14283.9277	8647.1211	9397.2627	1375.5465
sp|P47756|CAPZB_HUMAN	P47756	CAPZB_HUMAN	CAPZB	272	Homo sapiens	F-actin-capping protein subunit beta	1:Experimental evidence at protein level	9.19	0.9999	0.9984	2	2	2	2	2	2	426739	426739	426739	10K(304.2072), 11C(57.0215), 2K(304.2072), 6K(304.2072), N-term(304.2072)			69552.8652	64735.2871	66306.8438	35161.1895	25409.1201	29123.5850	34510.1641	38919.2285	37756.6982	38023.0781	37581.2295	43628.7207	22551.3779	24572.5439	25156.3359	0.0000
sp|P49207|RL34_HUMAN	P49207	RL34_HUMAN	RPL34	117	Homo sapiens	60S ribosomal protein L34	1:Experimental evidence at protein level	14.53	0.9999	0.9904	2	2	2	2	2	2	3036981	3036981	3036981	8K(304.2072), 9K(304.2072), N-term(304.2072)			125344.3203	61182.6738	107466.3125	81154.3086	59021.7305	65731.4121	39171.9043	46336.6875	60618.7031	40334.1719	61582.1602	42491.1426	40325.4609	31570.6924	44368.2227	1082.7017
sp|P49419|AL7A1_HUMAN	P49419	AL7A1_HUMAN	ALDH7A1	539	Homo sapiens	Alpha-aminoadipic semialdehyde dehydrogenase	1:Experimental evidence at protein level	4.08	0.9999	0.9990	2	2	2	2	2	2	1717678	1717678	1717678	12K(304.2072), 13K(304.2072), 9K(304.2072), N-term(304.2072)			100699.1582	79918.3945	88430.2363	40523.6152	20198.6987	19084.7681	34571.3584	43209.0820	48609.4775	37550.3867	48769.5605	42220.1289	18250.0845	14993.2549	22320.4526	0.0000
sp|P49588|SYAC_HUMAN	P49588	SYAC_HUMAN	AARS1	968	Homo sapiens	Alanine--tRNA ligase, cytoplasmic	1:Experimental evidence at protein level	3.93	0.9999	0.9990	2	2	2	3	3	3	520140	520140	520140	N-term(304.2072)			17956.0273	14232.1611	13211.5205	8486.9404	6935.1924	8216.9609	7488.3457	9211.7080	8781.0166	10473.3027	8860.4961	10370.2422	6048.0410	5578.8564	4931.8672	0.0000
sp|P49755|TMEDA_HUMAN	P49755	TMEDA_HUMAN	TMED10	219	Homo sapiens	Transmembrane emp24 domain-containing protein 10	1:Experimental evidence at protein level	10.96	0.9999	0.9989	2	2	2	3	3	3	4681785	4681785	4681785	16M(15.9949), 17K(304.2072), 7K(304.2072), N-term(304.2072)			73743.3887	45549.8174	92880.8848	37525.9082	39794.0164	27678.2441	39763.5459	78025.6978	42269.9614	142023.4473	97207.7939	76453.2598	94512.7930	23787.0278	83584.0557	0.0000
sp|P59768|GBG2_HUMAN	P59768	GBG2_HUMAN	GNG2	71	Homo sapiens	Guanine nucleotide-binding protein G(I)/G(S)/G(O) subunit gamma-2	1:Experimental evidence at protein level	19.72	0.9999	0.9989	2	2	2	2	2	2	3359916	3359916	3359916	1K(304.2072), 7K(304.2072), 8M(15.9949), N-term(304.2072)			270119.7109	147929.6094	209521.5234	88479.6172	58925.4941	64082.4980	99765.3594	126486.2461	144446.5312	111839.7695	132334.7539	127198.7070	60188.4160	43452.1855	65154.4453	1484.2134
sp|P60900|PSA6_HUMAN	P60900	PSA6_HUMAN	PSMA6	246	Homo sapiens	Proteasome subunit alpha type-6	1:Experimental evidence at protein level	9.76	0.9999	0.9966	2	2	2	2	2	2	471178	471178	471178	11K(304.2072), 2K(304.2072), 4C(57.0215), N-term(304.2072)			42476.5137	26592.0205	32082.9150	14380.6880	15694.3994	14028.5996	15664.1597	21462.8350	19584.3730	21526.3779	19762.9697	20208.4932	16030.0415	11177.0928	13063.5532	0.0000
sp|P62314|SMD1_HUMAN	P62314	SMD1_HUMAN	SNRPD1	119	Homo sapiens	Small nuclear ribonucleoprotein Sm D1	1:Experimental evidence at protein level	26.05	0.9999	0.9990	2	2	2	2	2	2	547328	547328	547328	20K(304.2072), N-term(304.2072)			62431.5117	29319.1406	33835.0996	21087.1455	14587.2764	18624.3574	13641.6050	15596.5571	18853.6284	13430.6953	18067.9766	16694.7891	12727.7671	8157.1279	12936.9678	0.0000
sp|P68371|TBB4B_HUMAN	P68371	TBB4B_HUMAN	TUBB4B	445	Homo sapiens	Tubulin beta-4B chain	1:Experimental evidence at protein level	49.21	0.9999	0.9990	20	1	1	53	1	1	59059779	1303769	59059779	12K(304.2072), N-term(304.2072)			63184.2109	31371.5938	47083.8359	16403.5957	14742.0684	10088.8066	12870.0889	18638.8613	21172.9141	16582.2715	22530.2715	15487.2217	11785.7783	7567.2251	9170.9336	0.0000
sp|P69905|HBA_HUMAN	P69905	HBA_HUMAN	HBA2	142	Homo sapiens	Hemoglobin subunit alpha	1:Experimental evidence at protein level	15.49	0.9999	0.9985	2	1	2	4	3	4	1084171	782700	1084171	7K(304.2072), N-term(304.2072)			28233.4062	25049.9727	29480.2498	27121.8115	29399.9287	29030.6841	29917.7983	41769.9980	43760.8086	36104.3442	41501.7095	46323.8447	34614.4351	44148.1807	31530.3335	1824.8246
sp|Q07666|KHDR1_HUMAN	Q07666	KHDR1_HUMAN	KHDRBS1	443	Homo sapiens	KH domain-containing, RNA-binding, signal transduction-associated protein 1	1:Experimental evidence at protein level	5.42	0.9999	0.9972	2	1	2	2	1	2	1159263	431036	1159263	10K(304.2072), 14K(304.2072), 1K(304.2072), 6K(304.2072), N-term(304.2072)			96475.2344	60423.4453	75550.7832	51115.7285	39220.7930	46399.0615	45297.5889	48586.0273	52207.7344	56536.5264	50998.9102	51327.6182	42880.3496	30451.2900	42558.2070	0.0000
sp|Q07866|KLC1_HUMAN	Q07866	KLC1_HUMAN	KLC1	573	Homo sapiens	Kinesin light chain 1	1:Experimental evidence at protein level	3.14	0.9999	0.9969	2	1	2	2	1	2	1011507	611442	1011507	10K(304.2072), 8K(304.2072), N-term(304.2072)			78119.9688	62233.1582	68162.5098	27164.4424	21758.4014	15876.4600	25755.4961	29311.0146	24858.1699	29142.7715	29612.1484	25497.1562	13647.1919	11397.0146	13051.1924	0.0000
sp|Q13200|PSMD2_HUMAN	Q13200	PSMD2_HUMAN	PSMD2	908	Homo sapiens	26S proteasome non-ATPase regulatory subunit 2	1:Experimental evidence at protein level	3.63	0.9999	0.9990	2	2	2	2	2	2	602395	602395	602395	13K(304.2072), 15K(304.2072), 4K(304.2072), N-term(304.2072)			56303.2158	65360.5391	47964.7686	34424.4316	22303.9492	20230.7422	26371.9634	22604.7927	25550.3076	28319.1602	26399.5718	24297.4961	16123.1028	15496.1824	15836.2683	2838.8950
sp|Q15102|PA1B3_HUMAN	Q15102	PA1B3_HUMAN	PAFAH1B3	231	Homo sapiens	Platelet-activating factor acetylhydrolase IB subunit alpha1	1:Experimental evidence at protein level	12.12	0.9999	0.9966	3	3	3	4	4	4	3013400	3013400	3013400	12K(304.2072), N-term(304.2072)			114335.1934	68411.5210	93188.5195	55664.1812	41931.8540	52608.6260	80120.6875	84228.2490	84088.1396	89030.5933	83974.3516	81192.8525	40752.3457	40779.4707	43457.7866	0.0000
sp|Q5SQI0|ATAT_HUMAN	Q5SQI0	ATAT_HUMAN	ATAT1	421	Homo sapiens	Alpha-tubulin N-acetyltransferase 1	1:Experimental evidence at protein level	10.69	0.9999	0.9907	3	3	3	3	3	3	2038673	2038673	2038673	18K(304.2072), 7K(304.2072), N-term(304.2072)			49685.7500	33300.7520	47411.9336	35778.9385	27707.6914	27750.3164	35621.5576	38676.8027	44761.0361	38995.0000	40818.4883	40704.2549	34882.3506	25382.9268	29140.0664	0.0000
sp|Q6P2Q9|PRP8_HUMAN	Q6P2Q9	PRP8_HUMAN	PRPF8	2335	Homo sapiens	Pre-mRNA-processing-splicing factor 8	1:Experimental evidence at protein level	1.16	0.9999	0.9988	2	2	2	2	2	2	520651	520651	520651	11M(15.9949), 8K(304.2072), N-term(304.2072)			27374.5420	18900.0562	25761.8521	14665.6721	13433.2910	15944.3511	15299.1133	15595.3320	18274.6074	17117.7466	19525.6099	15521.6851	12039.6382	9451.6653	15989.4019	0.0000
sp|Q8WVV4|POF1B_HUMAN	Q8WVV4	POF1B_HUMAN	POF1B	589	Homo sapiens	Protein POF1B	1:Experimental evidence at protein level	3.57	0.9999	0.9982	2	2	2	2	2	2	1079179	1079179	1079179	14K(304.2072), 7K(304.2072), N-term(304.2072)			14070.0986	13201.3794	14299.1650	12503.8984	24592.6699	13066.6768	15400.7612	23579.1602	15516.1216	20863.3799	22671.3643	32079.4307	18824.6147	19281.2119	21821.0771	1239.0114
sp|Q96EY8|MMAB_HUMAN	Q96EY8	MMAB_HUMAN	MMAB	250	Homo sapiens	Corrinoid adenosyltransferase MMAB	1:Experimental evidence at protein level	8.00	0.9999	0.9989	2	2	2	9	9	9	2594147	2594147	2594147				50673.0608	40005.0276	50265.9653	48567.3191	41241.0327	48371.7534	47171.0884	43861.4595	42750.7952	53945.0938	50808.9065	52734.0518	44775.1675	37954.6626	41984.6699	0.0000
sp|Q9GZT3|SLIRP_HUMAN	Q9GZT3	SLIRP_HUMAN	SLIRP	109	Homo sapiens	SRA stem-loop-interacting RNA-binding protein, mitochondrial	1:Experimental evidence at protein level	22.02	0.9999	0.9990	2	2	2	2	2	2	809360	809360	809360	14K(304.2072), N-term(304.2072)			70112.6289	45464.3086	53071.3496	22768.7490	19423.5908	21387.9160	33366.9961	35654.0742	42347.1621	43498.6172	33415.6309	33591.1709	18662.7920	17934.9062	20157.5273	0.0000
sp|Q9NR31|SAR1A_HUMAN	Q9NR31	SAR1A_HUMAN	SAR1A	198	Homo sapiens	GTP-binding protein SAR1a	1:Experimental evidence at protein level	10.10	0.9999	0.9986	2	1	2	2	1	2	1138552	     0	1138552	12K(304.2072), N-term(304.2072)			105090.2695	52930.2793	63385.7852	37936.5977	19794.4863	20490.7939	22530.5410	30723.4395	32570.5898	28163.3564	32170.9541	29079.9648	25611.5879	21091.4209	23379.8438	0.0000
sp|Q9Y2J2|E41L3_HUMAN	Q9Y2J2	E41L3_HUMAN	EPB41L3	1087	Homo sapiens	Band 4.1-like protein 3	1:Experimental evidence at protein level	2.30	0.9999	0.9990	2	2	2	2	2	2	821187	821187	821187	11K(304.2072), 5K(304.2072), N-term(304.2072)			66902.8867	47863.0371	70190.9355	24475.8564	22881.2314	24115.1626	28356.8857	27325.5518	34675.6992	37287.8496	40634.5508	35988.2969	23568.0010	23130.5269	22608.5518	2561.2510
contam_sp|Q15323|K1H1_HUMAN	Q15323	K1H1_HUMAN	KRT31	416	Homo sapiens	Keratin, type I cuticular Ha1	2:Experimental evidence at transcript level	31.49	0.9998	0.9989	13	0	2	25	0	3	440483720	     0	440483720	N-term(304.2072)		sp|Q15323|K1H1_HUMAN	74200.8516	11671.6221	17667.3594	13470.1162	16991.8652	17676.8418	14665.9561	17353.2324	14436.9014	16013.4775	19127.0293	16698.4609	49648.5430	12602.0449	14716.6777	0.0000
sp|B7ZW38|HNRC3_HUMAN	B7ZW38	HNRC3_HUMAN	HNRNPCL3	293	Homo sapiens	Heterogeneous nuclear ribonucleoprotein C-like 3	2:Experimental evidence at transcript level	12.97	0.9998	0.9989	4	0	4	5	0	5	1804570	     0	1804570	10K(304.2072), 12K(304.2072), 16K(304.2072), 1K(304.2072), 2K(304.2072), N-term(304.2072)		sp|O60812|HNRC1_HUMAN, sp|P0DMR1|HNRC4_HUMAN	187878.5664	92204.5654	111578.5674	57039.0225	53573.1714	56530.9482	62784.0825	75048.6426	81883.9297	81135.8716	78654.1084	70403.8652	48141.6089	42784.4346	52300.5068	1768.1356
sp|O14531|DPYL4_HUMAN	O14531	DPYL4_HUMAN	DPYSL4	572	Homo sapiens	Dihydropyrimidinase-related protein 4	1:Experimental evidence at protein level	5.59	0.9998	0.9976	2	2	2	2	2	2	877825	877825	877825	11M(15.9949), 15K(304.2072), N-term(304.2072)			20187.2451	15290.6387	15237.6670	14169.2896	11208.8657	10568.6777	15363.9487	13141.2339	16326.8657	15529.8652	11668.8945	13184.4985	10347.1677	9955.9136	10357.2539	0.0000
sp|O75947|ATP5H_HUMAN	O75947	ATP5H_HUMAN	ATP5PD	161	Homo sapiens	ATP synthase subunit d, mitochondrial	1:Experimental evidence at protein level	6.21	0.9998	0.9980	2	2	2	2	2	2	873336	873336	873336	10K(304.2072), 9K(304.2072), N-term(304.2072)			81904.9922	65024.6250	76709.9043	26191.4688	21645.0352	27862.2192	55624.8828	62221.6680	68147.7480	69013.8398	81198.5820	63676.6758	19046.1016	21793.9360	15691.2368	0.0000
sp|P05089|ARGI1_HUMAN	P05089	ARGI1_HUMAN	ARG1	322	Homo sapiens	Arginase-1	1:Experimental evidence at protein level	6.83	0.9998	0.9910	2	2	2	3	3	3	5717210	5717210	5717210	11K(304.2072), N-term(304.2072)			28883.0938	21309.7432	30405.6572	24847.5845	33454.5908	24978.8325	37318.3213	45292.7979	39263.2705	37464.3027	39740.2012	55665.7168	41270.0273	32794.8740	50397.8994	0.0000
sp|P05091|ALDH2_HUMAN	P05091	ALDH2_HUMAN	ALDH2	517	Homo sapiens	Aldehyde dehydrogenase, mitochondrial	1:Experimental evidence at protein level	7.16	0.9998	0.9970	4	2	2	10	2	2	2528651	664106	2528651	N-term(304.2072)			41477.3467	30597.9590	42115.9092	17013.5220	13854.0112	14484.5786	20935.7070	26795.6123	26254.7686	22504.5127	23405.7803	26130.8496	11677.9746	12524.0518	13778.6953	0.0000
sp|P08754|GNAI3_HUMAN	P08754	GNAI3_HUMAN	GNAI3	354	Homo sapiens	Guanine nucleotide-binding protein G(i) subunit alpha-3	1:Experimental evidence at protein level	12.15	0.9998	0.9953	3	2	2	3	2	2	3661051	517892	3661051	N-term(304.2072)			31865.1768	20467.8149	26550.1538	14829.1353	9575.3970	14219.4019	12995.6660	13021.5039	10373.9773	13207.2681	16732.4321	13602.7305	11096.8521	7108.5830	9418.0503	0.0000
sp|P11279|LAMP1_HUMAN	P11279	LAMP1_HUMAN	LAMP1	417	Homo sapiens	Lysosome-associated membrane glycoprotein 1	1:Experimental evidence at protein level	4.80	0.9998	0.9990	2	2	2	2	2	2	1708729	1708729	1708729	11K(304.2072), N-term(304.2072)			88512.1680	49888.1855	79325.1328	25385.4180	16950.3389	20323.4365	19915.2168	28916.0205	34214.6465	27544.4561	30121.0176	29361.0947	16373.5063	15572.9087	19736.2637	0.0000
sp|P28070|PSB4_HUMAN	P28070	PSB4_HUMAN	PSMB4	264	Homo sapiens	Proteasome subunit beta type-4	1:Experimental evidence at protein level	9.09	0.9998	0.9990	2	2	2	2	2	2	1000829	1000829	1000829	5K(304.2072), 9K(304.2072), N-term(304.2072)			61756.4121	45776.1797	50525.6035	31429.3164	31997.1133	26110.4316	35275.9590	38483.0195	39748.8779	46797.5469	36722.8047	43907.2012	23334.4629	21262.7744	25559.7607	0.0000
sp|P35611|ADDA_HUMAN	P35611	ADDA_HUMAN	ADD1	737	Homo sapiens	Alpha-adducin	1:Experimental evidence at protein level	3.53	0.9998	0.9990	2	2	2	2	2	2	476499	476499	476499	12K(304.2072), N-term(304.2072)			25826.8809	27204.2949	20099.7617	10315.5576	8147.7319	7026.7920	11443.3164	11334.5391	11014.1240	14454.9326	12791.1211	12692.9307	7313.3188	5809.8237	4785.7383	0.0000
sp|P35613|BASI_HUMAN	P35613	BASI_HUMAN	BSG	385	Homo sapiens	Basigin	1:Experimental evidence at protein level	5.97	0.9998	0.9972	2	2	2	2	2	2	794502	794502	794502	14K(304.2072), 6K(304.2072), N-term(304.2072)			82214.4980	38887.1875	54761.3301	22460.5459	19074.5908	22599.2275	27048.9990	29005.6709	30914.6201	28521.5752	33430.7871	20524.6855	16030.1890	13153.7598	17652.0449	0.0000
sp|P47929|LEG7_HUMAN	P47929	LEG7_HUMAN	LGALS7B	136	Homo sapiens	Galectin-7	1:Experimental evidence at protein level	18.38	0.9998	0.9966	2	2	2	2	2	2	628701	628701	628701	11K(304.2072), N-term(304.2072)			19367.0127	32373.7021	23922.3467	24842.0986	52971.6602	34182.1016	50507.4424	38233.0117	30922.6885	53661.4395	40207.8926	75675.7520	35955.1416	34715.2061	46820.7090	0.0000
sp|P50395|GDIB_HUMAN	P50395	GDIB_HUMAN	GDI2	445	Homo sapiens	Rab GDP dissociation inhibitor beta	1:Experimental evidence at protein level	11.01	0.9998	0.9850	5	2	2	5	2	2	2623739	1309482	2623739	8K(304.2072), N-term(304.2072)			71933.8867	47286.5176	51502.9863	28514.9648	22345.2227	26625.1025	25397.3457	29176.9961	25858.8965	34000.3857	32209.2002	34624.5459	19139.7485	18844.5312	27817.7197	1769.1204
sp|P60903|S10AA_HUMAN	P60903	S10AA_HUMAN	S100A10	97	Homo sapiens	Protein S100-A10	1:Experimental evidence at protein level	27.84	0.9998	0.9975	2	2	2	2	2	2	1370083	1370083	1370083	10K(304.2072), 17K(304.2072), 5K(304.2072), N-term(304.2072)			292576.8945	206435.0449	235680.1602	66364.9873	40735.0161	43875.9854	32432.5835	43374.9326	43487.4800	36812.7578	36925.7905	45995.7622	35128.0938	24299.3689	46131.7222	2260.2275
sp|P61803|DAD1_HUMAN	P61803	DAD1_HUMAN	DAD1	113	Homo sapiens	Dolichyl-diphosphooligosaccharide--protein glycosyltransferase subunit DAD1	1:Experimental evidence at protein level	19.47	0.9998	0.9986	2	2	2	2	2	2	1263111	1263111	1263111	N-term(304.2072)			46014.6680	16689.0894	35272.4844	15124.2847	10899.6855	17051.7197	16037.4766	28961.0684	29098.8604	27142.2080	31464.4531	27854.7646	18787.7124	16484.0566	17332.7798	0.0000
sp|P62244|RS15A_HUMAN	P62244	RS15A_HUMAN	RPS15A	130	Homo sapiens	40S ribosomal protein S15a	1:Experimental evidence at protein level	16.15	0.9998	0.9990	2	2	2	3	3	3	1620240	1620240	1620240	1C(57.0215), N-term(304.2072)			33142.7559	24288.3154	37598.8804	32794.0044	26043.0105	31266.7021	30587.0569	29872.6768	38798.0732	37494.6865	34384.5366	32785.5312	27808.6353	28158.4934	28773.1086	0.0000
sp|Q9H936|GHC1_HUMAN	Q9H936	GHC1_HUMAN	SLC25A22	323	Homo sapiens	Mitochondrial glutamate carrier 1	1:Experimental evidence at protein level	7.74	0.9998	0.9826	3	2	3	3	2	3	1112402	532335	1112402	10K(304.2072), 3K(304.2072), 7K(304.2072), N-term(304.2072), N-term(42.0106)			80031.3945	53643.0498	82188.8145	46122.9268	39628.5273	36740.0439	59272.6182	67145.0088	70237.2744	69772.4795	69063.9170	62064.6680	44639.3994	34498.0923	40794.4199	3069.8979
sp|Q9NUM4|T106B_HUMAN	Q9NUM4	T106B_HUMAN	TMEM106B	274	Homo sapiens	Transmembrane protein 106B	1:Experimental evidence at protein level	10.58	0.9998	0.9990	2	2	2	3	3	3	574205	574205	574205	5C(57.0215), 8C(57.0215), N-term(304.2072)			40665.6074	29407.0288	40988.6475	23938.7476	39404.0850	26371.4565	28668.7134	18007.7153	27548.4121	25104.9590	23859.1011	18633.1936	14866.4624	17846.1223	13572.4880	0.0000
sp|Q9UKM9|RALY_HUMAN	Q9UKM9	RALY_HUMAN	RALY	306	Homo sapiens	RNA-binding protein Raly	1:Experimental evidence at protein level	9.80	0.9998	0.9982	2	2	2	2	2	2	633762	633762	633762	11M(15.9949), 16K(304.2072), 21K(304.2072), N-term(304.2072)			8972.6816	10414.4248	15188.2588	10573.3525	11287.6680	12002.3076	7642.9385	7641.5024	7925.2637	10672.5098	10819.8467	7830.7471	6794.4761	6812.9912	8604.3057	0.0000
contam_sp|P10096|G3P_BOVIN	P10096	G3P_BOVIN	GAPDH	333	Bos taurus	Glyceraldehyde-3-phosphate dehydrogenase	1:Experimental evidence at protein level	33.03	0.9997	0.9980	10	1	2	33	1	4	23354921	     0	23354921	15K(304.2072), 4M(15.9949), N-term(304.2072)			101072.9397	57474.7231	71807.6665	36718.1733	36760.9248	41757.1792	42133.1465	55444.6890	62893.4785	46950.5273	49782.0786	46540.2437	39304.8442	31620.2463	32549.6008	10664.9309
contam_sp|Q86Y46|K2C73_HUMAN	Q86Y46	K2C73_HUMAN	KRT73	540	Homo sapiens	Keratin, type II cytoskeletal 73	1:Experimental evidence at protein level	12.04	0.9997	0.9989	8	0	2	12	0	3	39496672	     0	39496672	12K(304.2072), N-term(304.2072)		sp|Q86Y46|K2C73_HUMAN	32195.1914	27017.2139	32155.4541	30100.4971	35507.4072	29894.7910	35227.3184	53483.0596	47167.8369	58469.3828	49173.2891	67741.1055	52847.8418	44879.8701	63852.8730	0.0000
sp|P04350|TBB4A_HUMAN	P04350	TBB4A_HUMAN	TUBB4A	444	Homo sapiens	Tubulin beta-4A chain	1:Experimental evidence at protein level	41.44	0.9997	0.9990	14	1	3	41	1	9	45113403	688932	45113403	11M(15.9949), 12K(304.2072), 2M(15.9949), N-term(304.2072)			235980.2437	232254.8047	230722.6758	128668.2881	110524.6543	109683.7056	142950.4629	130933.9087	131971.1060	156190.6289	140580.4019	149065.0938	85382.0576	81565.3027	81051.2739	0.0000
sp|P06396|GELS_HUMAN	P06396	GELS_HUMAN	GSN	782	Homo sapiens	Gelsolin	1:Experimental evidence at protein level	2.56	0.9997	0.9982	2	1	2	2	1	2	683585	303631	683585	13K(304.2072), 7K(304.2072), N-term(304.2072)			57022.7539	46525.5859	54498.7637	31222.0303	48615.8047	29085.3857	27276.5728	29973.1777	23370.6816	34067.9473	27653.5566	34227.1279	21707.9512	22834.2295	27334.3179	0.0000
sp|P16403|H12_HUMAN	P16403	H12_HUMAN	H1-2	213	Homo sapiens	Histone H1.2	1:Experimental evidence at protein level	35.21	0.9997	0.9990	10	1	1	26	1	1	68359846	1240457	68359846	16K(304.2072), N-term(42.0106)			14512.0518	5189.3301	6701.8130	9793.1436	9059.2178	9949.3184	3512.3064	2424.0071	5760.8760	2485.4138	6295.4790	3882.4336	5827.9263	4646.1973	9336.1738	0.0000
sp|P30044|PRDX5_HUMAN	P30044	PRDX5_HUMAN	PRDX5	214	Homo sapiens	Peroxiredoxin-5, mitochondrial	1:Experimental evidence at protein level	17.29	0.9997	0.9990	2	2	2	2	2	2	600540	600540	600540	11K(304.2072), 18K(304.2072), 26K(304.2072), 3M(15.9949), N-term(304.2072)			25982.8711	10077.6592	14832.0742	5576.0493	4858.7983	5700.7251	7367.7007	10113.2461	10368.8467	11080.0225	10043.9580	11803.1562	5791.5254	5448.7476	6436.9658	0.0000
sp|P31146|COR1A_HUMAN	P31146	COR1A_HUMAN	CORO1A	461	Homo sapiens	Coronin-1A	1:Experimental evidence at protein level	5.21	0.9997	0.9957	2	2	2	2	2	2	229394	229394	229394	8K(304.2072), N-term(304.2072)			40014.9531	24682.7168	30238.5879	17526.8652	10530.5635	11470.0479	19734.8340	17952.3984	22871.7539	18128.2344	14793.7783	15199.1475	11982.3340	7264.6055	14227.5381	1197.5404
sp|P50570|DYN2_HUMAN	P50570	DYN2_HUMAN	DNM2	870	Homo sapiens	Dynamin-2	1:Experimental evidence at protein level	3.10	0.9997	0.9826	3	0	3	3	0	3	1328464	     0	1328464	7K(304.2072), N-term(304.2072)		sp|Q05193|DYN1_HUMAN	82934.6367	45658.5342	68089.5020	35430.5986	27398.7437	23961.5571	34564.6523	39719.0977	41913.5352	38813.2705	36383.8564	36676.0225	27715.9595	24600.5669	27353.0596	0.0000
sp|P60953|CDC42_HUMAN	P60953	CDC42_HUMAN	CDC42	191	Homo sapiens	Cell division control protein 42 homolog	1:Experimental evidence at protein level	10.99	0.9997	0.9989	2	2	2	2	2	2	1965353	1965353	1965353	10K(304.2072), 11K(304.2072), 2K(304.2072), 4C(57.0215), N-term(304.2072)			148457.2656	85284.3438	123860.1328	46771.6836	31335.8203	31267.3691	58493.0234	55838.9727	65185.5742	55411.2539	53194.8398	54856.6016	29962.1465	24800.4590	33758.0586	0.0000
sp|P63027|VAMP2_HUMAN	P63027	VAMP2_HUMAN	VAMP2	116	Homo sapiens	Vesicle-associated membrane protein 2	1:Experimental evidence at protein level	28.45	0.9997	0.9990	2	0	2	2	0	2	1762870	     0	1762870	24K(304.2072), 5K(304.2072), N-term(304.2072)		sp|Q15836|VAMP3_HUMAN	29444.6895	12629.1562	31608.7656	8330.0312	8370.5117	6548.8413	23080.2578	29991.7773	39805.4922	27661.4727	32940.3750	34362.9922	11675.6025	9439.0615	9769.7334	0.0000
sp|Q04828|AK1C1_HUMAN	Q04828	AK1C1_HUMAN	AKR1C1	323	Homo sapiens	Aldo-keto reductase family 1 member C1	1:Experimental evidence at protein level	48.92	0.9997	0.9990	12	1	1	43	2	2	21686389	199049	21686389	17K(304.2072), 9C(57.0215), N-term(304.2072)			19004.6738	22346.0947	19666.1362	17454.2114	17564.8394	14921.3970	16894.4419	12762.4287	14486.4551	17828.2881	17781.0791	15422.9590	14836.8193	19771.6133	12784.9692	10850.5312
sp|Q15008|PSMD6_HUMAN	Q15008	PSMD6_HUMAN	PSMD6	389	Homo sapiens	26S proteasome non-ATPase regulatory subunit 6	1:Experimental evidence at protein level	4.37	0.9997	0.9976	2	2	2	2	2	2	388937	388937	388937	1K(304.2072), N-term(304.2072)			41954.5664	16445.6211	34402.1250	13417.4512	8157.1636	10647.3564	10098.4795	19585.4590	19379.2930	15933.1309	22616.7168	18390.3496	12611.0469	11689.1172	12727.8721	1722.1097
sp|Q8IV08|PLD3_HUMAN	Q8IV08	PLD3_HUMAN	PLD3	490	Homo sapiens	5'-3' exonuclease PLD3	1:Experimental evidence at protein level	4.08	0.9997	0.9928	2	2	2	2	2	2	1274256	1274256	1274256	8K(304.2072), N-term(304.2072)			54009.9453	39613.0986	45783.0879	17817.6128	15642.4692	16155.7476	23000.1377	24559.7744	23459.6338	24301.9111	20323.6992	24259.9492	11704.7021	11336.0693	12201.5669	0.0000
sp|Q8N163|CCAR2_HUMAN	Q8N163	CCAR2_HUMAN	CCAR2	923	Homo sapiens	Cell cycle and apoptosis regulator protein 2	1:Experimental evidence at protein level	2.06	0.9997	0.9989	2	2	2	2	2	2	677672	677672	677672	11K(304.2072), N-term(304.2072)			41291.6367	32716.8750	30216.2461	24820.9551	19351.0215	19576.8027	23727.2520	21625.6113	23154.8574	25547.8242	18719.5000	22214.9844	13811.3545	14112.7998	17769.7344	0.0000
sp|Q9P0L0|VAPA_HUMAN	Q9P0L0	VAPA_HUMAN	VAPA	249	Homo sapiens	Vesicle-associated membrane protein-associated protein A	1:Experimental evidence at protein level	8.84	0.9997	0.9990	2	2	2	2	2	2	816247	816247	816247	14K(304.2072), 8K(304.2072), N-term(304.2072)			23691.0254	16482.0234	32474.1426	28481.8125	27604.1230	37103.5938	31141.0156	30973.9531	32642.8262	32811.2070	37358.6836	35518.4375	29901.5957	27532.3984	33079.8047	1510.6948
sp|P11387|TOP1_HUMAN	P11387	TOP1_HUMAN	TOP1	765	Homo sapiens	DNA topoisomerase 1	1:Experimental evidence at protein level	5.88	0.9996	0.9989	2	2	2	2	2	2	3906308	3906308	3906308	12K(304.2072), 16K(304.2072), 20K(304.2072), N-term(304.2072)			22999.6152	8274.5732	21626.9297	16933.0586	11830.8184	11237.6035	8530.8623	10136.5889	11401.1143	8161.5249	14598.0938	10809.5293	11407.1113	8722.8867	11413.4434	0.0000
sp|P12931|SRC_HUMAN	P12931	SRC_HUMAN	SRC	536	Homo sapiens	Proto-oncogene tyrosine-protein kinase Src	1:Experimental evidence at protein level	3.36	0.9996	0.9986	2	1	2	2	1	2	1292319	593657	1292319	8K(304.2072), N-term(304.2072)			65982.7090	35221.1309	50172.4414	29710.4248	19725.7852	24899.3330	28070.2871	32892.2246	31818.2666	26460.7236	32005.2842	29263.2451	16028.2192	15064.0122	20811.9668	0.0000
sp|P14543|NID1_HUMAN	P14543	NID1_HUMAN	NID1	1247	Homo sapiens	Nidogen-1	1:Experimental evidence at protein level	1.68	0.9996	0.9922	2	2	2	2	2	2	1143159	1143159	1143159	2C(57.0215), N-term(304.2072)			40661.3652	35537.6191	57802.9922	16409.3833	22028.0339	18094.8101	45632.3359	40508.5645	42125.9014	39812.8535	32610.9961	37348.1436	18824.3267	22191.4670	20623.6233	0.0000
sp|P16949|STMN1_HUMAN	P16949	STMN1_HUMAN	STMN1	149	Homo sapiens	Stathmin	1:Experimental evidence at protein level	21.48	0.9996	0.9989	3	1	3	3	1	3	2116478	470486	2116478	10K(304.2072), 9K(304.2072), N-term(304.2072)			61511.0137	81769.8828	90881.7793	51404.5225	77691.3594	59015.4014	47547.9648	69213.0234	61597.5498	93254.0410	86421.6523	65169.9336	44684.4971	32601.4136	46869.9561	0.0000
sp|P37108|SRP14_HUMAN	P37108	SRP14_HUMAN	SRP14	136	Homo sapiens	Signal recognition particle 14 kDa protein	1:Experimental evidence at protein level	16.18	0.9996	0.9974	2	2	2	2	2	2	633803	633803	633803	8K(304.2072), N-term(304.2072)			60902.9043	30283.9292	47367.4922	27153.8086	26262.7842	25229.3721	21019.9028	24555.5137	31530.4326	30970.3457	28431.8018	25036.5312	16879.2798	19522.5376	21850.9600	1592.5535
sp|P53621|COPA_HUMAN	P53621	COPA_HUMAN	COPA	1224	Homo sapiens	Coatomer subunit alpha	1:Experimental evidence at protein level	1.80	0.9996	0.9961	2	2	2	2	2	2	739704	739704	739704	7K(304.2072), N-term(304.2072)			44845.1934	38756.5234	52689.5312	45607.0820	34012.8965	42359.1973	34550.3340	38858.3398	42537.8301	42276.8145	39941.9062	39086.6113	39962.3867	42911.6758	44759.0938	0.0000
sp|P78347|GTF2I_HUMAN	P78347	GTF2I_HUMAN	GTF2I	998	Homo sapiens	General transcription factor II-I	1:Experimental evidence at protein level	1.90	0.9996	0.9921	2	2	2	2	2	2	421218	421218	421218	10K(304.2072), 9K(304.2072), N-term(304.2072)			52610.3906	34151.5977	31602.4893	18889.7988	14399.7144	16169.6968	13625.5029	17574.6265	14146.7896	15185.0850	15620.2603	16160.6904	11601.9294	12710.8311	12502.1812	0.0000
sp|Q03252|LMNB2_HUMAN	Q03252	LMNB2_HUMAN	LMNB2	620	Homo sapiens	Lamin-B2	1:Experimental evidence at protein level	5.32	0.9996	0.9989	3	2	2	3	2	2	1242201	531931	1242201	12K(304.2072), N-term(304.2072)			34251.5156	27310.6504	20843.8438	12172.9658	10843.6719	11726.1162	15573.4062	16822.8145	16836.5254	19081.6504	16997.4961	14448.4199	8619.5508	7247.6318	8155.5410	0.0000
sp|Q15382|RHEB_HUMAN	Q15382	RHEB_HUMAN	RHEB	184	Homo sapiens	GTP-binding protein Rheb	1:Experimental evidence at protein level	9.78	0.9996	0.9985	2	2	2	2	2	2	694641	694641	694641	8K(304.2072), N-term(304.2072)			32708.1152	18386.7480	27651.0898	12923.4961	11227.6250	14780.7227	13298.6855	19393.0996	22696.7598	16298.5752	18098.3652	15522.7520	9206.0059	10000.3535	10795.3086	0.0000
sp|Q96QA5|GSDMA_HUMAN	Q96QA5	GSDMA_HUMAN	GSDMA	445	Homo sapiens	Gasdermin-A	1:Experimental evidence at protein level	4.04	0.9996	0.9958	2	2	2	2	2	2	511590	511590	511590	9K(304.2072), N-term(304.2072)			24234.0957	11912.3511	14965.0649	11580.5083	13919.4961	11847.2271	15534.1968	21578.9297	23619.9482	17872.2363	24342.2275	34678.5684	22932.3545	23945.4180	28601.0723	0.0000
sp|O14949|QCR8_HUMAN	O14949	QCR8_HUMAN	UQCRQ	82	Homo sapiens	Cytochrome b-c1 complex subunit 8	1:Experimental evidence at protein level	24.39	0.9995	0.9986	2	2	2	3	3	3	993205	993205	993205	N-term(304.2072)			9425.9502	17672.0132	9700.1008	11130.3115	23872.8486	9184.7710	13344.7456	7268.4871	9853.5645	15162.4873	7587.1885	10803.4927	7691.0444	5496.8700	3534.0281	0.0000
sp|O15540|FABP7_HUMAN	O15540	FABP7_HUMAN	FABP7	132	Homo sapiens	Fatty acid-binding protein, brain	1:Experimental evidence at protein level	23.48	0.9995	0.9990	2	2	2	2	2	2	986355	986355	986355	18K(304.2072), 7K(304.2072), N-term(304.2072)			80011.6172	81534.8672	46788.3789	23284.2715	25741.9355	21950.0391	22718.2754	30498.3379	24616.4590	28138.3145	20650.2344	25418.7344	10531.5518	7293.6934	12367.1797	0.0000
sp|P10599|THIO_HUMAN	P10599	THIO_HUMAN	TXN	105	Homo sapiens	Thioredoxin	1:Experimental evidence at protein level	37.14	0.9995	0.9990	2	2	2	3	3	3	953950	953950	953950	11K(304.2072), 13K(304.2072), 24C(57.0215), 27C(57.0215), 28K(304.2072), 9K(304.2072), N-term(304.2072)			20928.1948	20324.6831	19068.0469	19384.3784	20673.7598	19166.1299	15219.0327	16833.2637	21543.9570	20828.7593	19018.4966	21496.2891	25811.6016	23934.3643	11450.9700	8842.4104
sp|P43686|PRS6B_HUMAN	P43686	PRS6B_HUMAN	PSMC4	418	Homo sapiens	26S proteasome regulatory subunit 6B	1:Experimental evidence at protein level	5.74	0.9995	0.9878	2	2	2	2	2	2	677391	677391	677391	10K(304.2072), N-term(304.2072)			51471.1836	31403.6484	34153.7979	20486.7686	12633.9717	12782.8467	13700.5977	21568.0498	16508.9863	19875.9575	15543.5508	20770.2729	11738.1411	13049.1294	9624.1011	0.0000
sp|P49257|LMAN1_HUMAN	P49257	LMAN1_HUMAN	LMAN1	510	Homo sapiens	Protein ERGIC-53	1:Experimental evidence at protein level	5.49	0.9995	0.9919	3	3	3	3	3	3	1671999	1671999	1671999	11K(304.2072), N-term(304.2072)			69091.5820	66765.1504	67376.5977	27345.7100	20090.3008	16383.4590	29195.8330	26696.7012	28990.9033	30575.5762	30700.7891	28189.9814	13547.1353	10816.0625	11868.9292	0.0000
sp|Q9Y6C9|MTCH2_HUMAN	Q9Y6C9	MTCH2_HUMAN	MTCH2	303	Homo sapiens	Mitochondrial carrier homolog 2	1:Experimental evidence at protein level	9.24	0.9995	0.9990	2	2	2	2	2	2	1037654	1037654	1037654	10K(304.2072), 21K(304.2072), N-term(304.2072)			23964.0703	9095.6670	26448.0469	9744.1963	5595.7681	7104.3970	13921.5684	16185.6982	21594.2402	16080.2510	17159.6973	17516.6465	8015.9390	5195.8579	6630.4893	0.0000
sp|P18085|ARF4_HUMAN	P18085	ARF4_HUMAN	ARF4	180	Homo sapiens	ADP-ribosylation factor 4	1:Experimental evidence at protein level	9.44	0.9994	0.9980	2	2	2	3	3	3	1270300	1270300	1270300	10K(304.2072), N-term(304.2072)			64549.1191	35994.5312	65228.2246	32625.1201	18342.2974	20464.5952	25950.1846	34357.9004	33594.1494	29488.2832	36807.8213	34061.0586	36419.6777	42373.9707	35254.9668	0.0000
sp|P49756|RBM25_HUMAN	P49756	RBM25_HUMAN	RBM25	843	Homo sapiens	RNA-binding protein 25	1:Experimental evidence at protein level	1.78	0.9994	0.9989	1	1	1	1	1	1	3425867	3425867	3425867	N-term(304.2072)			21717.3340	18312.1289	16469.3906	14112.7207	14048.2324	15007.2998	17389.4180	17043.6914	10959.8750	17093.0391	19590.7070	17228.9688	16830.1289	11330.3223	13196.5645	1254.5549
sp|P17655|CAN2_HUMAN	P17655	CAN2_HUMAN	CAPN2	700	Homo sapiens	Calpain-2 catalytic subunit	1:Experimental evidence at protein level	3.14	0.9993	0.9989	1	1	1	1	1	1	     0	     0	     0	N-term(304.2072)			9634.5205	11139.8721	10984.1777	12588.8730	8457.6035	10118.4619	11535.0225	9290.4941	9523.4404	11332.1289	14748.5078	11932.8174	9442.6172	12850.7715	8133.7812	7851.2603
sp|P31040|SDHA_HUMAN	P31040	SDHA_HUMAN	SDHA	664	Homo sapiens	Succinate dehydrogenase [ubiquinone] flavoprotein subunit, mitochondrial	1:Experimental evidence at protein level	3.46	0.9993	0.9986	2	2	2	2	2	2	1813989	1813989	1813989	15K(304.2072), 8K(304.2072), N-term(304.2072)			33770.7578	19892.0820	23967.2910	10078.2812	8421.0029	6605.4233	15872.8379	19106.2871	17392.8164	17697.8047	16628.9961	15099.3086	7747.6108	5268.1035	5147.0762	0.0000
sp|Q14576|ELAV3_HUMAN	Q14576	ELAV3_HUMAN	ELAVL3	367	Homo sapiens	ELAV-like protein 3	2:Experimental evidence at transcript level	10.63	0.9993	0.9989	3	1	3	3	1	3	1158416	     0	1158416	11K(304.2072), 17K(304.2072), 6K(304.2072), N-term(304.2072)			33846.0273	17939.3359	26931.6680	13541.4287	10779.4766	10621.4746	13854.0029	24147.1895	19098.5273	17483.1699	19538.2305	18302.2285	9429.5840	10337.5244	11848.3223	0.0000
sp|Q16795|NDUA9_HUMAN	Q16795	NDUA9_HUMAN	NDUFA9	377	Homo sapiens	NADH dehydrogenase [ubiquinone] 1 alpha subcomplex subunit 9, mitochondrial	1:Experimental evidence at protein level	6.10	0.9993	0.9970	2	2	2	2	2	2	356909	356909	356909	10K(304.2072), 13K(304.2072), N-term(304.2072)			39357.1748	30464.9678	35203.6104	21662.7480	19864.7065	24067.4883	31758.8545	50604.5664	37000.2256	41794.4414	33151.6738	33713.0459	17172.6738	13960.6357	17833.8896	0.0000
sp|Q92930|RAB8B_HUMAN	Q92930	RAB8B_HUMAN	RAB8B	207	Homo sapiens	Ras-related protein Rab-8B	1:Experimental evidence at protein level	15.94	0.9993	0.9950	4	1	2	5	1	2	3801728	1620294	3801728	7K(304.2072), 8K(304.2072), N-term(304.2072)			48536.9863	38492.7383	45034.2246	47844.5488	35196.0215	39668.0986	45691.2422	43145.3154	38374.8018	45832.1133	42415.2295	41040.1758	36632.9824	27161.4873	36694.3740	0.0000
sp|Q9BTV4|TMM43_HUMAN	Q9BTV4	TMM43_HUMAN	TMEM43	400	Homo sapiens	Transmembrane protein 43	1:Experimental evidence at protein level	5.00	0.9993	0.9985	2	2	2	2	2	2	709450	709450	709450	10K(304.2072), N-term(304.2072)			26270.5078	8320.6650	20325.0156	4766.6558	4775.4824	5838.8042	5562.4814	8080.5044	8434.2715	5091.1807	7686.0952	6261.4199	5082.9067	3259.4153	5169.0981	0.0000
sp|Q9HDC9|APMAP_HUMAN	Q9HDC9	APMAP_HUMAN	APMAP	416	Homo sapiens	Adipocyte plasma membrane-associated protein	1:Experimental evidence at protein level	5.05	0.9993	0.9984	2	2	2	2	2	2	742930	742930	742930	3K(304.2072), N-term(304.2072)			49453.2617	57348.1602	45364.7969	25455.4785	26140.5898	18901.6523	30060.6973	24633.8574	20302.5078	33294.6016	20434.8242	27105.2441	17668.2500	11534.6465	13764.6592	1408.8452
sp|P31930|QCR1_HUMAN	P31930	QCR1_HUMAN	UQCRC1	480	Homo sapiens	Cytochrome b-c1 complex subunit 1, mitochondrial	1:Experimental evidence at protein level	3.54	0.9992	0.9941	2	2	2	2	2	2	1268038	1268038	1268038	N-term(304.2072)			93631.7969	65056.0273	82499.5156	27995.0830	19444.7339	16801.3975	32501.8789	46417.7520	43310.0000	38866.0205	39072.8486	41756.3340	18445.3804	18731.6318	16808.4209	0.0000
sp|Q13561|DCTN2_HUMAN	Q13561	DCTN2_HUMAN	DCTN2	401	Homo sapiens	Dynactin subunit 2	1:Experimental evidence at protein level	4.49	0.9992	0.9978	2	2	2	2	2	2	816972	816972	816972	N-term(304.2072)			41707.3359	33977.8711	30920.1953	17479.1484	13305.6602	13276.5713	16688.1387	20633.1387	16878.0723	19547.8203	14752.3516	19809.5957	11251.7080	6830.9536	8881.1758	0.0000
sp|Q96KP4|CNDP2_HUMAN	Q96KP4	CNDP2_HUMAN	CNDP2	475	Homo sapiens	Cytosolic non-specific dipeptidase	1:Experimental evidence at protein level	2.32	0.9992	0.9988	1	1	1	1	1	1	349105	349105	349105	N-term(304.2072)			34373.8438	27267.3750	20781.9844	10616.3467	10837.6768	9540.1240	12211.9375	15252.8936	13194.4922	13900.8750	12684.9189	13406.4238	9459.0430	6616.7783	9170.9990	0.0000
sp|Q9P2R7|SUCB1_HUMAN	Q9P2R7	SUCB1_HUMAN	SUCLA2	463	Homo sapiens	Succinate--CoA ligase [ADP-forming] subunit beta, mitochondrial	1:Experimental evidence at protein level	4.10	0.9992	0.9916	2	2	2	2	2	2	758984	758984	758984	9K(304.2072), N-term(304.2072)			43550.5703	30023.1504	38559.6484	13851.7754	8838.6279	10987.6162	22703.2441	19888.9746	31978.2012	20780.4590	25259.2773	22428.1328	14585.1758	9773.9219	12903.2100	0.0000
sp|P62829|RL23_HUMAN	P62829	RL23_HUMAN	RPL23	140	Homo sapiens	60S ribosomal protein L23	1:Experimental evidence at protein level	11.43	0.9991	0.9893	2	2	2	2	2	2	807431	807431	807431	8K(304.2072), N-term(304.2072)			65273.8672	52589.9033	107758.2461	49723.2725	43590.0859	49766.8643	47557.1240	45418.0508	63352.0195	54673.3105	55803.7676	53984.5723	34858.0645	59876.3652	35582.9033	2836.9141
sp|Q15717|ELAV1_HUMAN	Q15717	ELAV1_HUMAN	ELAVL1	326	Homo sapiens	ELAV-like protein 1	1:Experimental evidence at protein level	5.52	0.9990	0.9968	2	2	2	2	2	2	733711	733711	733711	7K(304.2072), N-term(304.2072)			23223.3535	18372.5879	16735.6680	8955.5898	6568.3604	8368.8398	10930.4238	9024.3867	11981.9375	12913.7324	10818.8828	11028.0527	9870.3398	6810.9624	8431.5566	0.0000
sp|Q9NSD9|SYFB_HUMAN	Q9NSD9	SYFB_HUMAN	FARSB	589	Homo sapiens	Phenylalanine--tRNA ligase beta subunit	1:Experimental evidence at protein level	2.89	0.9990	0.9945	2	2	2	2	2	2	11895347	11895347	11895347	9K(304.2072), N-term(304.2072)			53866.2070	36911.4072	39212.9785	25960.4756	22107.9365	18294.6978	25290.3984	27987.4316	25693.7227	26275.7871	24611.0410	25530.2061	21995.7305	21578.0156	19774.7314	2416.5723
sp|Q13813|SPTN1_HUMAN	Q13813	SPTN1_HUMAN	SPTAN1	2472	Homo sapiens	Spectrin alpha chain, non-erythrocytic 1	1:Experimental evidence at protein level	1.74	0.9989	0.9887	3	3	3	3	3	3	763257	763257	763257	10K(304.2072), 16K(304.2072), 18K(304.2072), 8K(304.2072), N-term(304.2072)			39100.2578	31839.2129	29511.3027	10901.1982	6124.4268	7588.6338	8740.6582	8412.2100	10788.7314	11002.2236	10934.7773	8988.6992	4652.9121	5057.8525	4150.3867	0.0000
sp|Q8ND56|LS14A_HUMAN	Q8ND56	LS14A_HUMAN	LSM14A	463	Homo sapiens	Protein LSM14 homolog A	1:Experimental evidence at protein level	4.75	0.9989	0.9836	2	2	2	2	2	2	849874	849874	849874	8C(57.0215), N-term(304.2072)			43285.8955	30119.0088	38112.4707	29633.2891	27658.3467	31783.2012	39471.7031	36030.7715	36909.7275	37638.3594	31268.2324	36376.4014	34402.0244	20651.7119	28605.3120	0.0000
sp|Q9NVA2|SEP11_HUMAN	Q9NVA2	SEP11_HUMAN	SEPTIN11	429	Homo sapiens	Septin-11	1:Experimental evidence at protein level	9.79	0.9989	0.9924	3	2	2	4	2	2	1505889	1038286	1505889	19K(304.2072), 20K(304.2072), N-term(304.2072), N-term(42.0106)			19192.8379	11693.1533	11521.7236	4129.5898	4741.9810	4146.1528	2798.2380	2906.6909	3315.3394	4385.6099	4628.9146	4641.7744	2874.9636	2563.1128	1958.8888	0.0000
sp|P11233|RALA_HUMAN	P11233	RALA_HUMAN	RALA	206	Homo sapiens	Ras-related protein Ral-A	1:Experimental evidence at protein level	8.74	0.9988	0.9974	2	1	2	3	1	3	703346	362915	703346	11K(304.2072), 3M(15.9949), 6K(304.2072), N-term(304.2072)			49917.0781	38523.7168	44667.3887	28880.0068	24594.4385	24132.3828	38788.1875	35317.8320	32975.4766	41994.0098	33053.1250	31114.1504	24437.1396	21596.5820	22744.5000	0.0000
sp|P47755|CAZA2_HUMAN	P47755	CAZA2_HUMAN	CAPZA2	286	Homo sapiens	F-actin-capping protein subunit alpha-2	1:Experimental evidence at protein level	4.90	0.9987	0.9977	1	1	1	1	1	1	234321	234321	234321	12K(304.2072), N-term(42.0106)			14361.9014	16334.0166	12605.2549	10465.8096	10178.1035	10409.1357	10701.3604	10004.9160	10472.7373	12694.3115	10139.8857	15626.7148	8682.6104	10276.2451	9498.6953	0.0000
sp|P30153|2AAA_HUMAN	P30153	2AAA_HUMAN	PPP2R1A	589	Homo sapiens	Serine/threonine-protein phosphatase 2A 65 kDa regulatory subunit A alpha isoform	1:Experimental evidence at protein level	6.79	0.9986	0.9598	3	3	3	3	3	3	973317	973317	973317	12K(304.2072), 15K(304.2072), 20K(304.2072), 2M(15.9949), 6K(304.2072), 8K(304.2072), N-term(304.2072)			34553.9570	20802.4082	25375.2637	16110.9688	15139.5527	18574.4922	17760.9824	15256.3496	18966.3340	19631.6855	17205.9805	19854.3906	14873.2988	13663.8008	12464.2246	0.0000
sp|Q92841|DDX17_HUMAN	Q92841	DDX17_HUMAN	DDX17	729	Homo sapiens	Probable ATP-dependent RNA helicase DDX17	1:Experimental evidence at protein level	4.53	0.9985	0.9990	4	1	1	4	1	1	1922138	486981	1922138	3K(304.2072), N-term(304.2072)			36941.3555	45593.1289	35913.7812	25190.1289	17925.4277	17054.0781	22191.6250	20027.5781	14332.9609	23112.1641	17714.8848	20689.4980	15935.1709	10568.3926	13300.1592	0.0000
sp|P12236|ADT3_HUMAN	P12236	ADT3_HUMAN	SLC25A6	298	Homo sapiens	ADP/ATP translocase 3	1:Experimental evidence at protein level	33.89	0.9983	0.9990	10	1	3	20	1	6	16517973	1220074	16517973	11K(304.2072), 13C(57.0215), 1K(304.2072), 6M(15.9949), 9K(304.2072), N-term(304.2072), N-term(42.0106)			135105.4199	76294.5566	142681.5098	87026.8447	57635.5977	85657.5264	86677.6270	119271.4297	138914.4570	112110.0078	128779.0605	116300.7236	84897.6084	93004.9980	91382.0186	0.0000
sp|Q08AF8|GOG8F_HUMAN	Q08AF8	GOG8F_HUMAN	GOLGA8G	430	Homo sapiens	Putative golgin subfamily A member 8F/8G	5:Protein uncertain	4.88	0.9978	0.8862	1	0	1	7	0	7	125871903	     0	125871903	5C(57.0215), N-term(304.2072)		sp|Q0D2H9|GOG8D_HUMAN	0.0000	0.0000	0.0000	0.0000	0.0000	0.0000	0.0000	0.0000	0.0000	0.0000	0.0000	0.0000	0.0000	0.0000	0.0000	0.0000
contam_sp|P35747|ALBU_HORSE	P35747	ALBU_HORSE	ALB	607	Equus caballus	Serum albumin	1:Experimental evidence at protein level	12.19	0.9977	0.9922	9	1	1	17	1	1	288709570	540433	288709570	1K(304.2072), N-term(304.2072)			11873.7588	8862.9619	9865.4150	8695.4189	7753.0430	14563.8809	10963.4521	14313.2598	18810.1582	19262.8223	15965.8701	15871.9248	13387.5459	35955.9688	46316.4297	1216.0771
sp|P34897|GLYM_HUMAN	P34897	GLYM_HUMAN	SHMT2	504	Homo sapiens	Serine hydroxymethyltransferase, mitochondrial	1:Experimental evidence at protein level	3.77	0.9977	0.9520	2	2	2	2	2	2	2079454	2079454	2079454	5K(304.2072), N-term(304.2072)			33999.2930	25106.0098	24330.6309	16418.1504	9177.9658	9205.8486	17382.1094	22189.5918	24085.0625	23835.9043	22291.0410	18463.2344	9310.6680	5606.0161	8327.3555	0.0000
contam_sp|P07744|K2C4_MOUSE	P07744	K2C4_MOUSE	Krt4	525	Mus musculus	Keratin, type II cytoskeletal 4	1:Experimental evidence at protein level	11.81	0.9975	0.9984	8	1	1	13	1	1	69651469	439964	69651469	15K(304.2072), 7M(15.9949), 9K(304.2072), N-term(304.2072)			14028.9297	9854.8633	13486.8984	6893.7666	11586.8467	8702.5879	11031.1982	18991.9395	14550.5293	14659.7881	19003.5059	21283.4395	16339.6895	13358.7881	18197.4727	0.0000
sp|O43809|CPSF5_HUMAN	O43809	CPSF5_HUMAN	NUDT21	227	Homo sapiens	Cleavage and polyadenylation specificity factor subunit 5	1:Experimental evidence at protein level	8.37	0.9965	0.9745	2	2	2	2	2	2	696980	696980	696980	6K(304.2072), 7K(304.2072), N-term(304.2072)			70804.8711	39148.1094	45870.5293	26173.5635	27212.4443	27035.9414	37757.4434	29379.2793	34327.9199	40427.5234	39124.5684	35873.0576	23579.0371	19293.4678	24854.2471	0.0000
sp|Q7L099|RUFY3_HUMAN	Q7L099	RUFY3_HUMAN	RUFY3	469	Homo sapiens	Protein RUFY3	1:Experimental evidence at protein level	4.05	0.9965	0.9809	2	1	2	2	1	2	662339	245224	662339	11K(304.2072), 7K(304.2072), N-term(304.2072)			53745.4316	40032.1406	46785.0371	21666.0127	18265.8535	18393.1836	26015.7246	27824.0967	25162.0391	28474.1396	25464.9053	28902.3359	17816.5039	14394.5601	14466.9863	0.0000
sp|O76021|RL1D1_HUMAN	O76021	RL1D1_HUMAN	RSL1D1	490	Homo sapiens	Ribosomal L1 domain-containing protein 1	1:Experimental evidence at protein level	3.06	0.9963	0.9657	2	2	2	2	2	2	636797	636797	636797	7K(304.2072), N-term(304.2072)			57786.3359	34412.4094	35338.0635	38954.4688	33018.8950	30915.4033	23138.9900	20121.0378	22484.3616	26645.2573	23934.3462	26729.5049	20938.2161	17715.0056	21227.6055	0.0000
sp|Q6NW29|RWDD4_HUMAN	Q6NW29	RWDD4_HUMAN	RWDD4	188	Homo sapiens	RWD domain-containing protein 4	1:Experimental evidence at protein level	11.70	0.9962	0.8884	1	1	1	3	3	3	78268812	78268812	78268812	13M(15.9949), 22K(304.2072)			0.0000	0.0000	0.0000	0.0000	0.0000	0.0000	0.0000	0.0000	0.0000	0.0000	0.0000	0.0000	0.0000	0.0000	0.0000	0.0000
sp|P08865|RSSA_HUMAN	P08865	RSSA_HUMAN	RPSA	295	Homo sapiens	40S ribosomal protein SA	1:Experimental evidence at protein level	8.81	0.9961	0.9914	2	1	2	4	1	4	589231	     0	589231	N-term(304.2072)			66847.4023	55360.8887	52144.9209	29298.8647	21529.6338	22733.4819	29948.3755	31557.5400	33017.6719	30670.3486	28000.4321	28739.4209	19079.1182	18001.7844	16848.8174	1763.2745
sp|Q9Y3C6|PPIL1_HUMAN	Q9Y3C6	PPIL1_HUMAN	PPIL1	166	Homo sapiens	Peptidyl-prolyl cis-trans isomerase-like 1	1:Experimental evidence at protein level	6.63	0.9960	0.9990	1	1	1	1	1	1	987778	987778	987778	11K(304.2072), N-term(304.2072)			48697.7773	26215.9316	37410.8281	14052.6777	15391.3057	10224.5020	16123.6445	25808.2793	23349.8535	18129.9238	18861.3906	24182.0469	13455.9961	13338.0996	13675.2217	0.0000
sp|P28066|PSA5_HUMAN	P28066	PSA5_HUMAN	PSMA5	241	Homo sapiens	Proteasome subunit alpha type-5	1:Experimental evidence at protein level	7.88	0.9959	0.9990	1	1	1	1	1	1	252881	252881	252881	19K(304.2072), N-term(304.2072)			23564.0039	19326.8555	17672.0566	12197.7305	10440.0557	13652.9824	16116.6631	17134.9238	16043.1895	17550.8027	16372.8799	20343.8340	11891.0879	12272.3506	15965.1133	0.0000
sp|P25325|THTM_HUMAN	P25325	THTM_HUMAN	MPST	297	Homo sapiens	3-mercaptopyruvate sulfurtransferase	1:Experimental evidence at protein level	3.03	0.9949	0.9927	1	1	1	1	1	1	222053	222053	222053	9K(304.2072), N-term(304.2072)			22537.8887	15686.5488	18138.4004	9001.4453	9167.5322	6563.1655	8674.8154	11140.5654	13224.9619	10739.8291	10742.6562	13099.4629	4363.4888	4670.8101	6049.0635	0.0000
sp|Q9HCS7|SYF1_HUMAN	Q9HCS7	SYF1_HUMAN	XAB2	855	Homo sapiens	Pre-mRNA-splicing factor SYF1	1:Experimental evidence at protein level	1.17	0.9946	0.9984	1	1	1	1	1	1	418991	418991	418991	N-term(304.2072)			7287.1187	4471.4321	8851.6416	6746.5693	4238.5254	5706.3462	8398.4814	7598.2568	6443.8394	9202.4141	5977.7080	8836.4238	5642.6079	8088.8354	7758.9424	0.0000
sp|Q9ULV4|COR1C_HUMAN	Q9ULV4	COR1C_HUMAN	CORO1C	474	Homo sapiens	Coronin-1C	1:Experimental evidence at protein level	2.11	0.9942	0.9986	1	1	1	1	1	1	632450	632450	632450	10K(304.2072), N-term(304.2072)			54071.1094	21529.4453	39524.6758	16089.9971	11989.3525	15527.6055	13425.1279	19450.4336	21559.6270	14311.0029	16837.7891	18372.4004	14251.2412	9647.0918	14617.5479	0.0000
sp|Q01130|SRSF2_HUMAN	Q01130	SRSF2_HUMAN	SRSF2	221	Homo sapiens	Serine/arginine-rich splicing factor 2	1:Experimental evidence at protein level	3.62	0.9941	0.9747	1	0	1	1	0	1	1079232	     0	1079232	N-term(304.2072)			19515.4219	18108.5332	18365.7266	16178.0244	11526.1094	12722.2393	16970.0371	18711.1914	18089.8730	18811.1211	21186.5195	15194.2871	13802.5107	12187.7363	10498.2627	2229.4607
sp|Q9NVJ2|ARL8B_HUMAN	Q9NVJ2	ARL8B_HUMAN	ARL8B	186	Homo sapiens	ADP-ribosylation factor-like protein 8B	1:Experimental evidence at protein level	4.84	0.9934	0.9980	1	1	1	1	1	1	883112	883112	883112	9K(304.2072), N-term(304.2072)			97714.8047	51954.9336	88614.4688	35571.2266	22563.1289	20222.8770	29363.6738	42226.6953	43477.6641	30301.4785	41215.2383	39893.2812	16370.3242	18998.3379	19500.1504	0.0000
sp|P00568|KAD1_HUMAN	P00568	KAD1_HUMAN	AK1	194	Homo sapiens	Adenylate kinase isoenzyme 1	1:Experimental evidence at protein level	10.82	0.9932	0.9798	2	1	2	2	1	2	660986	381051	660986	11K(304.2072), N-term(304.2072)			38924.0469	33465.4961	22582.7598	12737.8906	11214.4092	10877.6006	19884.9531	16049.7012	16511.0703	23336.8164	19115.5586	16790.9375	9673.2021	8633.1318	8573.7783	0.0000
sp|P35222|CTNB1_HUMAN	P35222	CTNB1_HUMAN	CTNNB1	781	Homo sapiens	Catenin beta-1	1:Experimental evidence at protein level	2.30	0.9932	0.9990	1	1	1	1	1	1	289116	289116	289116	N-term(304.2072)			5109.2998	3379.8818	6578.3184	5088.8970	5487.3472	5572.4570	5616.1128	4492.0635	4562.4292	4767.3286	4812.2363	5004.8389	3874.0381	4521.5537	4742.0420	0.0000
sp|P38117|ETFB_HUMAN	P38117	ETFB_HUMAN	ETFB	255	Homo sapiens	Electron transfer flavoprotein subunit beta	1:Experimental evidence at protein level	6.67	0.9931	0.9682	2	2	2	2	2	2	479185	479185	479185	7K(304.2072), N-term(304.2072)			39051.7871	29105.2354	34161.0293	19335.9795	13986.6777	14430.0356	27207.2939	25863.9111	32029.2197	28942.1191	25762.5811	28191.5586	11789.0386	9479.6377	11213.8574	0.0000
sp|P15311|EZRI_HUMAN	P15311	EZRI_HUMAN	EZR	586	Homo sapiens	Ezrin	1:Experimental evidence at protein level	10.41	0.9927	0.9869	8	0	2	8	0	2	2197412	     0	2197412	7K(304.2072), N-term(304.2072)			69016.8438	48329.6426	45366.9473	21147.4268	21405.9746	17356.9712	16051.2847	16757.2915	18605.6567	20725.1899	20257.6968	25712.2158	16625.5444	13334.9082	16736.6978	0.0000
sp|Q05639|EF1A2_HUMAN	Q05639	EF1A2_HUMAN	EEF1A2	463	Homo sapiens	Elongation factor 1-alpha 2	1:Experimental evidence at protein level	31.10	0.9925	0.9487	11	1	1	48	1	1	49157025	454408	49157025	13K(304.2072), 16C(57.0215), N-term(304.2072)			19574.3574	73915.5469	28881.6133	51275.6523	95332.8203	60901.1445	73954.8906	30584.5488	25039.3398	68227.1250	25813.1738	45454.4883	23936.8613	22941.6016	28003.8359	0.0000
sp|P07384|CAN1_HUMAN	P07384	CAN1_HUMAN	CAPN1	714	Homo sapiens	Calpain-1 catalytic subunit	1:Experimental evidence at protein level	2.66	0.9922	0.9853	2	2	2	2	2	2	739240	739240	739240	N-term(304.2072)			21048.4395	17791.7305	21101.7344	14551.4062	16166.8369	20241.7480	19248.2129	18760.7305	19193.4863	20946.8066	18558.3145	20096.0117	18805.7441	13644.2197	20751.2422	0.0000
sp|Q1KMD3|HNRL2_HUMAN	Q1KMD3	HNRL2_HUMAN	HNRNPUL2	747	Homo sapiens	Heterogeneous nuclear ribonucleoprotein U-like protein 2	1:Experimental evidence at protein level	3.48	0.9909	0.9478	1	1	1	3	3	3	16069304	16069304	16069304	25C(57.0215), 26K(304.2072), 9M(15.9949)			217845.0195	245579.9766	384494.1094	464928.9297	402813.5312	553118.9297	435544.6719	461042.7500	435060.7969	520762.2500	523853.8359	542057.6484	452601.4531	404859.0312	483747.0781	2153.4172
sp|P61970|NTF2_HUMAN	P61970	NTF2_HUMAN	NUTF2	127	Homo sapiens	Nuclear transport factor 2	1:Experimental evidence at protein level	11.81	0.9908	0.9744	2	2	2	2	2	2	2567568	2567568	2567568	8K(304.2072), N-term(304.2072)			121872.0703	72033.2734	81381.1719	40144.0391	24210.0840	21490.6973	20505.5879	39166.4375	32627.0293	31812.2949	27478.2070	39655.3398	23374.2129	20108.0605	26395.3633	0.0000
sp|O95168|NDUB4_HUMAN	O95168	NDUB4_HUMAN	NDUFB4	129	Homo sapiens	NADH dehydrogenase [ubiquinone] 1 beta subcomplex subunit 4	1:Experimental evidence at protein level	19.38	0.9902	0.9771	2	2	2	2	2	2	416748	416748	416748	13K(304.2072), N-term(304.2072)			23523.0488	19834.5254	30016.5273	15352.8369	15488.6348	14597.8643	18194.2988	23267.7832	21904.9102	22562.8203	19062.1309	21180.2715	11886.6973	8240.5635	12319.7246	0.0000
contam_sp|P35700|PRDX1_MOUSE	P35700	PRDX1_MOUSE	Prdx1	199	Mus musculus	Peroxiredoxin-1	1:Experimental evidence at protein level	26.13	0.9901	0.9990	7	0	1	9	0	1	4546398	     0	4546398	N-term(304.2072)			53799.7578	44587.1445	37576.5938	22096.8281	17102.8633	17191.7559	15681.3262	21344.3809	17527.8848	20646.3750	15522.6973	19507.7852	15433.1445	12408.4668	14667.8213	0.0000
sp|Q9BYX7|ACTBM_HUMAN	Q9BYX7	ACTBM_HUMAN	POTEKP	375	Homo sapiens	Putative beta-actin-like protein 3	5:Protein uncertain	18.93	0.9888	0.9712	6	1	2	12	1	2	34776322	2711366	34776322	11K(304.2072), 18K(304.2072), N-term(304.2072)			5270.5918	5361.3540	5846.4326	3930.1104	3508.9487	4989.9678	2495.9861	4647.0518	5205.7861	5107.3345	4411.9097	4263.8887	3308.9353	3301.4998	2520.9819	0.0000
sp|O95292|VAPB_HUMAN	O95292	VAPB_HUMAN	VAPB	243	Homo sapiens	Vesicle-associated membrane protein-associated protein B/C	1:Experimental evidence at protein level	5.35	0.9885	0.9799	1	1	1	1	1	1	396583	396583	396583	12K(304.2072), 13K(304.2072), N-term(304.2072)			44518.6328	36011.5391	44997.4766	23443.9473	15569.0195	17911.5273	29286.9082	30700.1758	32945.7383	34321.3398	34938.5625	38367.3789	13921.8115	16219.8242	16923.5312	0.0000
sp|P53396|ACLY_HUMAN	P53396	ACLY_HUMAN	ACLY	1101	Homo sapiens	ATP-citrate synthase	1:Experimental evidence at protein level	2.82	0.9881	0.9586	2	2	2	2	2	2	1268973	1268973	1268973	19M(15.9949), 1K(304.2072), N-term(304.2072)			3623.5972	3906.4243	5451.4844	3931.0496	4081.8164	5948.7207	6015.1616	3942.4910	6572.7241	5586.1689	5967.1484	5743.5337	5426.5972	5442.9355	2659.8237	4683.0420
sp|Q16698|DECR_HUMAN	Q16698	DECR_HUMAN	DECR1	335	Homo sapiens	2,4-dienoyl-CoA reductase [(3E)-enoyl-CoA-producing], mitochondrial	1:Experimental evidence at protein level	2.39	0.9881	0.9796	1	1	1	1	1	1	254589	254589	254589	8K(304.2072), N-term(304.2072)			22482.5762	18360.7441	23799.4238	6579.3530	5629.1958	5876.6245	8644.9277	12544.6855	11117.1172	12101.8154	14162.6641	10153.9805	3587.5820	5266.4351	5514.7192	0.0000
sp|P26599|PTBP1_HUMAN	P26599	PTBP1_HUMAN	PTBP1	557	Homo sapiens	Polypyrimidine tract-binding protein 1	1:Experimental evidence at protein level	1.44	0.9876	0.9829	1	1	1	1	1	1	471021	471021	471021	N-term(304.2072)			25090.1953	10090.2266	10269.2900	8114.5962	4470.3184	5105.2710	2997.8003	6903.8296	4584.5249	5065.3188	5144.8140	2946.9631	2189.7881	2205.8643	2760.6702	0.0000
contam_sp|P08729|K2C7_HUMAN	P08729	K2C7_HUMAN	KRT7	469	Homo sapiens	Keratin, type II cytoskeletal 7	1:Experimental evidence at protein level	12.58	0.9871	0.9981	8	0	1	16	0	1	69651469	     0	69651469	10K(304.2072), N-term(304.2072)		sp|P08729|K2C7_HUMAN	6717.8931	6335.9946	10184.9688	11998.8271	9485.5488	8980.3096	8691.8262	8986.8271	8331.8301	10500.2959	8527.3154	10852.9590	7233.5142	9486.1592	6409.0674	5738.4111
sp|O95084|PRS23_HUMAN	O95084	PRS23_HUMAN	PRSS23	383	Homo sapiens	Serine protease 23	1:Experimental evidence at protein level	3.92	0.9867	0.9551	2	2	2	2	2	2	1024424	1024424	1024424	5K(304.2072), 7K(304.2072), 8K(304.2072), N-term(304.2072)			23724.4199	16369.9160	26477.1270	9729.4629	8350.8008	11937.9443	9430.4873	9584.3799	13159.0400	10598.2939	11601.0811	9966.5537	6876.2002	6663.8931	6600.7881	0.0000
sp|Q8TD26|CHD6_HUMAN	Q8TD26	CHD6_HUMAN	CHD6	2715	Homo sapiens	Chromodomain-helicase-DNA-binding protein 6	1:Experimental evidence at protein level	1.22	0.9866	0.8851	1	1	1	2	2	2	3188015	3188015	3188015	12M(15.9949)			0.0000	0.0000	0.0000	0.0000	0.0000	0.0000	0.0000	0.0000	0.0000	0.0000	0.0000	0.0000	0.0000	0.0000	0.0000	0.0000
sp|P35609|ACTN2_HUMAN	P35609	ACTN2_HUMAN	ACTN2	894	Homo sapiens	Alpha-actinin-2	1:Experimental evidence at protein level	2.68	0.9855	0.9978	2	1	1	3	1	1	668797	341236	668797				4877.5898	3746.1707	8720.7588	5804.4189	6214.8540	4966.9531	5488.1787	5272.8486	4595.8442	8014.9121	5968.7866	7601.6406	6090.5981	4513.9780	6470.5923	0.0000
sp|O60264|SMCA5_HUMAN	O60264	SMCA5_HUMAN	SMARCA5	1052	Homo sapiens	SWI/SNF-related matrix-associated actin-dependent regulator of chromatin subfamily A member 5	1:Experimental evidence at protein level	1.52	0.9853	0.9698	2	0	2	2	0	2	706321	     0	706321	7K(304.2072), N-term(304.2072)		sp|P28370|SMCA1_HUMAN	8409.3867	5086.1846	6201.2881	5228.6226	4705.0015	4619.9902	4294.6890	4418.2715	5396.2295	5002.2832	3998.3147	3976.8904	4062.8267	3663.5781	2997.7180	0.0000
sp|O75369|FLNB_HUMAN	O75369	FLNB_HUMAN	FLNB	2602	Homo sapiens	Filamin-B	1:Experimental evidence at protein level	1.54	0.9843	0.9990	1	1	1	5	5	5	378689	378689	378689	11C(57.0215), 19K(304.2072), 3C(57.0215), 40K(304.2072), N-term(304.2072)			7407.7104	8537.7056	7721.8398	9240.9617	7422.5403	11993.7129	11610.6411	9845.8726	9823.3511	9827.9839	11981.9521	11160.3481	8906.7297	11431.3735	9298.7202	9479.8438
sp|P00505|AATM_HUMAN	P00505	AATM_HUMAN	GOT2	430	Homo sapiens	Aspartate aminotransferase, mitochondrial	1:Experimental evidence at protein level	6.05	0.9843	0.9990	1	1	1	1	1	1	178089	178089	178089	20K(304.2072), N-term(304.2072)			11332.9492	9460.4795	9551.0303	12235.3984	11673.0547	10849.3652	10787.5713	8116.2407	10496.4365	11105.5078	8862.7246	8848.8779	12217.7646	9864.5371	6199.6138	9862.9414
sp|P06703|S10A6_HUMAN	P06703	S10A6_HUMAN	S100A6	90	Homo sapiens	Protein S100-A6	1:Experimental evidence at protein level	31.11	0.9843	0.9990	1	1	1	1	1	1	     0	     0	     0	27K(304.2072), 2K(304.2072), N-term(304.2072)			7943.2905	8882.7158	7566.4868	8807.7402	6635.0493	7874.1748	7630.9155	6942.5918	8298.0469	7831.6108	6925.3296	8452.4170	10132.3115	10617.3701	4709.3608	6584.7061
sp|P06730|IF4E_HUMAN	P06730	IF4E_HUMAN	EIF4E	217	Homo sapiens	Eukaryotic translation initiation factor 4E	1:Experimental evidence at protein level	6.45	0.9843	0.9990	1	1	1	1	1	1	361544	361544	361544	14K(304.2072), N-term(304.2072)			20793.7812	14161.6729	18018.4766	10811.7295	5992.1440	6544.1021	10119.5410	12088.9053	10458.6729	8479.4248	12347.1475	10486.5986	7837.6460	4973.9624	6288.4185	0.0000
sp|P07814|SYEP_HUMAN	P07814	SYEP_HUMAN	EPRS1	1512	Homo sapiens	Bifunctional glutamate/proline--tRNA ligase	1:Experimental evidence at protein level	1.39	0.9843	0.9990	1	1	1	2	2	2	234607	234607	234607	N-term(304.2072)			0.0000	0.0000	0.0000	0.0000	0.0000	0.0000	0.0000	0.0000	0.0000	0.0000	0.0000	0.0000	0.0000	0.0000	0.0000	0.0000
sp|P08133|ANXA6_HUMAN	P08133	ANXA6_HUMAN	ANXA6	673	Homo sapiens	Annexin A6	1:Experimental evidence at protein level	2.38	0.9843	0.9990	1	1	1	1	1	1	218251	218251	218251	N-term(304.2072)			0.0000	0.0000	0.0000	0.0000	0.0000	0.0000	0.0000	0.0000	0.0000	0.0000	0.0000	0.0000	0.0000	0.0000	0.0000	0.0000
sp|P13804|ETFA_HUMAN	P13804	ETFA_HUMAN	ETFA	333	Homo sapiens	Electron transfer flavoprotein subunit alpha, mitochondrial	1:Experimental evidence at protein level	8.11	0.9843	0.9990	1	1	1	1	1	1	250763	250763	250763	27K(304.2072), 7K(304.2072), N-term(304.2072)			13983.1963	10010.0049	7746.0146	6291.9150	7564.8877	6601.5127	7938.0469	7761.7441	10714.4238	9703.2432	8249.6338	4801.8936	6500.1411	6537.8667	5273.2554	3453.1299
sp|P21980|TGM2_HUMAN	P21980	TGM2_HUMAN	TGM2	687	Homo sapiens	Protein-glutamine gamma-glutamyltransferase 2	1:Experimental evidence at protein level	3.93	0.9843	0.9990	1	1	1	1	1	1	341472	341472	341472	27K(304.2072), N-term(304.2072)			5453.0576	6591.1958	4446.7061	4490.5166	5726.8608	3914.7073	6034.6616	4106.3018	7199.0625	5255.8647	4355.9028	4802.2388	7882.3237	10072.8584	5287.7798	3092.0398
sp|P48444|COPD_HUMAN	P48444	COPD_HUMAN	ARCN1	511	Homo sapiens	Coatomer subunit delta	1:Experimental evidence at protein level	5.28	0.9843	0.9990	1	1	1	2	2	2	274529	274529	274529	11C(57.0215), N-term(304.2072)			4005.7896	5074.7397	2284.0984	6519.7017	2780.6003	4684.8213	4311.1855	3479.5474	5071.3691	5445.0708	4497.0420	4728.4302	5253.1523	4904.4463	5054.6968	3996.9951
sp|P48507|GSH0_HUMAN	P48507	GSH0_HUMAN	GCLM	274	Homo sapiens	Glutamate--cysteine ligase regulatory subunit	1:Experimental evidence at protein level	11.31	0.9843	0.9990	1	1	1	1	1	1	221349	221349	221349	N-term(304.2072)			0.0000	0.0000	0.0000	0.0000	0.0000	0.0000	0.0000	0.0000	0.0000	0.0000	0.0000	0.0000	0.0000	0.0000	0.0000	0.0000
sp|P55084|ECHB_HUMAN	P55084	ECHB_HUMAN	HADHB	474	Homo sapiens	Trifunctional enzyme subunit beta, mitochondrial	1:Experimental evidence at protein level	3.38	0.9843	0.9990	1	1	1	1	1	1	215875	215875	215875	16K(304.2072), N-term(304.2072)			16601.9980	11536.7988	11436.2510	9292.8311	6742.2222	7706.2617	7492.3735	8272.2197	9493.0469	9115.1611	9607.5781	8361.4580	7683.1792	7139.2832	7033.3125	4699.8062
sp|P61204|ARF3_HUMAN	P61204	ARF3_HUMAN	ARF3	181	Homo sapiens	ADP-ribosylation factor 3	1:Experimental evidence at protein level	9.94	0.9843	0.9990	1	0	1	1	0	1	256637	     0	256637	18K(304.2072), N-term(304.2072)		sp|P84077|ARF1_HUMAN	18270.7266	16659.0547	19249.9297	20529.9473	16568.7168	16511.3594	13778.6191	13646.8779	15621.8818	18120.5586	20706.9727	21460.4512	19052.4590	15788.8916	13068.0430	15201.8877
sp|P62854|RS26_HUMAN	P62854	RS26_HUMAN	RPS26	115	Homo sapiens	40S ribosomal protein S26	1:Experimental evidence at protein level	13.04	0.9843	0.9990	1	1	1	1	1	1	236618	236618	236618	15K(304.2072), N-term(304.2072)			8156.6724	6770.9185	14320.3408	7112.9673	6120.4106	6681.6548	7475.9316	8793.6621	11765.0742	7400.8452	9790.1582	9669.4443	5369.7603	2587.0168	3135.1174	0.0000
sp|P62888|RL30_HUMAN	P62888	RL30_HUMAN	RPL30	115	Homo sapiens	60S ribosomal protein L30	1:Experimental evidence at protein level	13.91	0.9843	0.9990	1	1	1	1	1	1	     0	     0	     0	2C(57.0215), N-term(304.2072)			21341.3516	15856.9141	22941.3633	15358.6152	15655.8945	12926.5732	16558.9297	14613.6914	20708.2324	20521.9531	18262.4727	14706.3525	9890.0205	8884.0684	10240.9922	0.0000
sp|P63172|DYLT1_HUMAN	P63172	DYLT1_HUMAN	DYNLT1	113	Homo sapiens	Dynein light chain Tctex-type 1	1:Experimental evidence at protein level	14.16	0.9843	0.9990	1	1	1	1	1	1	589880	589880	589880	16K(304.2072), N-term(304.2072)			34074.9688	13146.4473	25969.2344	11484.7119	8778.5234	9494.1953	10750.7900	17406.3086	17080.0039	12227.2012	16569.6406	14769.8564	11081.9766	6671.6870	10232.9697	0.0000
sp|Q01518|CAP1_HUMAN	Q01518	CAP1_HUMAN	CAP1	475	Homo sapiens	Adenylyl cyclase-associated protein 1	1:Experimental evidence at protein level	3.79	0.9843	0.9990	1	1	1	1	1	1	     0	     0	     0	18K(304.2072), N-term(304.2072)			8660.3252	9562.3379	11438.0898	10113.1230	10106.9658	8406.7139	11208.4287	8032.6499	9084.2188	9076.8184	10389.7217	12592.1777	10578.0254	8879.2500	6827.4102	7255.3398
sp|Q16881|TRXR1_HUMAN	Q16881	TRXR1_HUMAN	TXNRD1	649	Homo sapiens	Thioredoxin reductase 1, cytoplasmic	1:Experimental evidence at protein level	3.54	0.9843	0.9990	1	1	1	4	4	4	518827	518827	518827	N-term(304.2072)			25608.3691	21219.9456	19261.5566	21135.9976	23814.6826	26572.9746	29990.6426	22294.8093	27792.3389	25719.0039	21045.0452	24196.0815	18234.1963	19534.8018	13183.8784	15227.2876
sp|Q5EB52|MEST_HUMAN	Q5EB52	MEST_HUMAN	MEST	335	Homo sapiens	Mesoderm-specific transcript homolog protein	1:Experimental evidence at protein level	5.67	0.9843	0.9990	1	1	1	1	1	1	296739	296739	296739	N-term(304.2072)			6041.8975	2436.2224	8594.1885	4840.3145	3402.5146	6075.1777	3358.6052	3854.3403	5902.8159	4227.7402	3040.8154	2800.4443	2572.5430	3205.1116	3670.2100	0.0000
sp|Q6UW68|TM205_HUMAN	Q6UW68	TM205_HUMAN	TMEM205	189	Homo sapiens	Transmembrane protein 205	1:Experimental evidence at protein level	8.99	0.9843	0.9990	1	1	1	2	2	2	352183	352183	352183	N-term(304.2072)			15478.4775	16508.9692	19804.5747	13303.3657	11469.8359	14096.3569	15770.2695	14397.1035	12570.0635	18020.2900	15231.2471	16917.6685	11594.1787	13386.8584	14374.1846	0.0000
sp|Q9H4G4|GAPR1_HUMAN	Q9H4G4	GAPR1_HUMAN	GLIPR2	154	Homo sapiens	Golgi-associated plant pathogenesis-related protein 1	1:Experimental evidence at protein level	8.44	0.9843	0.9990	1	1	1	2	2	2	812306	812306	812306	N-term(304.2072)			58324.3398	63961.1992	54826.0117	21006.7617	24641.7207	21280.3770	18726.6113	14808.4980	19322.3770	21433.4375	14202.9580	17302.1055	11712.0557	5331.9038	7961.2822	0.0000
sp|Q9NZ45|CISD1_HUMAN	Q9NZ45	CISD1_HUMAN	CISD1	108	Homo sapiens	CDGSH iron-sulfur domain-containing protein 1	1:Experimental evidence at protein level	13.89	0.9843	0.9990	1	1	1	1	1	1	582895	582895	582895	15K(304.2072), N-term(304.2072)			16272.9727	9151.0977	19011.9863	6879.4712	5809.7192	8102.7627	10728.1084	16726.1660	21384.7207	14660.9902	16359.4102	13659.1084	9576.8467	5696.7817	6359.9829	0.0000
sp|Q9UQ80|PA2G4_HUMAN	Q9UQ80	PA2G4_HUMAN	PA2G4	394	Homo sapiens	Proliferation-associated protein 2G4	1:Experimental evidence at protein level	7.87	0.9843	0.9990	1	1	1	3	3	3	267116	267116	267116	N-term(304.2072)			4348.4233	5283.7197	5568.3350	6307.6587	2567.3953	3860.4548	5771.9922	4240.8721	4174.0889	4632.6182	4826.4087	5149.6099	6088.7153	6110.0625	4800.0190	5067.2700
sp|P05455|LA_HUMAN	P05455	LA_HUMAN	SSB	408	Homo sapiens	Lupus La protein	1:Experimental evidence at protein level	4.17	0.9842	0.9990	1	1	1	1	1	1	362191	362191	362191	11K(304.2072), 17K(304.2072), 2K(304.2072), N-term(304.2072)			25264.9258	22045.9531	18141.4805	22057.2305	15516.9561	17378.8086	19204.5820	18583.9902	20649.9121	20160.8770	18187.8008	22334.8594	17884.9805	20526.8125	17109.4453	13107.6465
sp|P13797|PLST_HUMAN	P13797	PLST_HUMAN	PLS3	630	Homo sapiens	Plastin-3	1:Experimental evidence at protein level	2.22	0.9842	0.9990	1	1	1	4	4	4	495408	495408	495408	14K(304.2072), N-term(304.2072)			44748.6416	62891.8242	56971.2549	57304.2217	48430.7822	51855.0518	43511.5781	44505.0391	56091.8613	55668.0537	54204.5508	51041.8105	68407.0400	68458.5176	44343.6602	45080.1787
sp|Q15555|MARE2_HUMAN	Q15555	MARE2_HUMAN	MAPRE2	327	Homo sapiens	Microtubule-associated protein RP/EB family member 2	1:Experimental evidence at protein level	6.12	0.9842	0.9990	1	1	1	1	1	1	165778	165778	165778	20K(304.2072), 3K(304.2072), N-term(304.2072)			12675.5869	9046.9648	12559.8936	8195.4336	8084.5845	8674.8125	8873.0146	11560.1924	12305.5693	10789.0596	10689.2354	10409.1553	6332.3691	6444.9800	5990.3501	0.0000
sp|Q7Z7K6|CENPV_HUMAN	Q7Z7K6	CENPV_HUMAN	CENPV	275	Homo sapiens	Centromere protein V	1:Experimental evidence at protein level	6.91	0.9842	0.9990	1	1	1	1	1	1	298361	298361	298361	12C(57.0215), N-term(304.2072)			11223.3877	6930.5908	7188.7896	5062.4209	7312.4326	6013.5239	7809.3931	4548.6919	6968.6152	7043.6543	6847.0264	8204.1660	4245.1655	5037.1006	6123.7646	0.0000
sp|Q8N4H5|TOM5_HUMAN	Q8N4H5	TOM5_HUMAN	TOMM5	51	Homo sapiens	Mitochondrial import receptor subunit TOM5 homolog	1:Experimental evidence at protein level	29.41	0.9842	0.9534	2	2	2	2	2	2	2243633	2243633	2243633	13M(15.9949), 14K(304.2072), 7K(304.2072), N-term(304.2072)			14037.3994	21173.0566	17897.8203	14547.0996	17019.9609	15419.7900	32323.9277	14313.9990	15266.8340	36723.9648	16471.8828	24947.6797	8889.1895	9208.0488	8887.2266	0.0000
sp|Q8TB36|GDAP1_HUMAN	Q8TB36	GDAP1_HUMAN	GDAP1	358	Homo sapiens	Ganglioside-induced differentiation-associated protein 1	1:Experimental evidence at protein level	4.19	0.9842	0.9990	1	1	1	1	1	1	207798	207798	207798	15K(304.2072), N-term(304.2072)			10536.9297	5686.6455	11563.6113	5487.0020	5938.6924	6192.7422	7731.6611	7405.1396	10404.6562	10729.9639	8655.7910	9141.5967	5260.5713	5060.4067	4779.4922	0.0000
sp|Q96IX5|ATPMK_HUMAN	Q96IX5	ATPMK_HUMAN	ATP5MK	58	Homo sapiens	ATP synthase membrane subunit K, mitochondrial	1:Experimental evidence at protein level	27.59	0.9842	0.9990	1	1	1	1	1	1	619265	619265	619265	15K(304.2072), 16K(304.2072), N-term(304.2072)			31496.2422	10370.4600	28853.2871	14040.9121	11792.8857	11520.0576	19625.5645	27263.6602	35858.4258	19224.3613	31938.8672	23128.9023	15697.6299	13331.6816	15783.6309	0.0000
contam_tr|Q3MHH8|Q3MHH8_BOVIN	Q3MHH8	Q3MHH8_BOVIN	AMY2A	511	Bos taurus	Amylase, alpha 2A (Pancreatic)	2:Experimental evidence at transcript level	2.35	0.9841	0.9990	1	0	1	1	0	1	1040575	     0	1040575	N-term(304.2072)		sp|P04746|AMYP_HUMAN, sp|P0DTE7|AMY1B_HUMAN, sp|P0DTE8|AMY1C_HUMAN, sp|P0DUB6|AMY1A_HUMAN, sp|P19961|AMY2B_HUMAN	8115.3174	5321.5620	6482.5889	6474.3042	6154.2764	7759.6787	8575.2812	15144.0547	12148.6494	10610.6523	14248.3623	23776.4688	12179.7266	10140.1289	17497.1230	0.0000
sp|P50502|F10A1_HUMAN	P50502	F10A1_HUMAN	ST13	369	Homo sapiens	Hsc70-interacting protein	1:Experimental evidence at protein level	3.79	0.9841	0.9990	1	0	1	1	0	1	327777	     0	327777	14K(304.2072), N-term(304.2072)		sp|Q8IZP2|ST134_HUMAN	48900.1406	19666.5820	22209.0410	11750.5859	7460.9355	10939.2334	11888.8086	16404.7656	13124.8545	16078.8760	13637.9229	15442.6426	10072.1592	9989.8828	10803.3613	0.0000
sp|P62841|RS15_HUMAN	P62841	RS15_HUMAN	RPS15	145	Homo sapiens	40S ribosomal protein S15	1:Experimental evidence at protein level	15.17	0.9841	0.9990	1	1	1	1	1	1	     0	     0	     0	N-term(304.2072)			18203.7910	19800.8691	21407.6016	22040.7930	18508.7422	19216.0000	20362.8027	18425.9082	21084.1211	23647.4688	21656.0312	22017.9707	21941.5645	22364.0664	17218.4238	13992.4385
sp|O15144|ARPC2_HUMAN	O15144	ARPC2_HUMAN	ARPC2	300	Homo sapiens	Actin-related protein 2/3 complex subunit 2	1:Experimental evidence at protein level	4.67	0.9840	0.9990	1	1	1	1	1	1	712412	712412	712412	9K(304.2072), N-term(304.2072)			44405.1953	26741.1250	38598.0430	21282.4902	15892.4814	16965.6211	24892.9863	27182.4297	33984.4414	24950.3770	28081.1387	27595.4238	16864.6074	16495.2441	16009.3584	0.0000
sp|O60256|KPRB_HUMAN	O60256	KPRB_HUMAN	PRPSAP2	369	Homo sapiens	Phosphoribosyl pyrophosphate synthase-associated protein 2	1:Experimental evidence at protein level	3.79	0.9840	0.9990	1	0	1	1	0	1	325630	     0	325630	2K(304.2072), N-term(304.2072)		sp|Q14558|KPRA_HUMAN	31244.9277	29124.1973	31830.6250	22361.0215	20871.6230	16415.6074	23103.0117	23060.3027	26185.3066	23051.9668	21416.9414	21570.5371	17251.2734	12988.3984	18085.7539	0.0000
sp|P52565|GDIR1_HUMAN	P52565	GDIR1_HUMAN	ARHGDIA	204	Homo sapiens	Rho GDP-dissociation inhibitor 1	1:Experimental evidence at protein level	8.33	0.9840	0.9990	1	1	1	2	2	2	430354	430354	430354	10K(304.2072), 17K(304.2072), N-term(304.2072)			69833.4805	44569.1680	48436.9375	28615.0752	24827.8486	26367.4756	31575.3613	42588.3711	34437.2393	36438.1270	35042.2217	38283.5742	25941.2676	22189.3633	22735.7734	1018.3768
sp|Q6IAA8|LTOR1_HUMAN	Q6IAA8	LTOR1_HUMAN	LAMTOR1	161	Homo sapiens	Ragulator complex protein LAMTOR1	1:Experimental evidence at protein level	8.07	0.9840	0.9990	1	1	1	1	1	1	245693	245693	245693	13K(304.2072), N-term(304.2072)			21391.8125	24254.3281	18552.3125	7711.7607	5886.8530	4504.6201	10535.2412	7825.4404	7780.1235	10555.6592	6115.4238	10064.0938	2733.7776	3205.0247	2904.7268	0.0000
sp|Q9Y2X3|NOP58_HUMAN	Q9Y2X3	NOP58_HUMAN	NOP58	529	Homo sapiens	Nucleolar protein 58	1:Experimental evidence at protein level	2.27	0.9840	0.9990	1	1	1	1	1	1	211477	211477	211477	12K(304.2072), N-term(304.2072)			13097.7656	4595.4146	8336.8086	5676.9409	5031.6304	5742.3784	4897.9917	7872.4170	7633.9141	4509.0771	6313.5317	4673.3281	4020.8564	4306.1084	4433.8896	0.0000
sp|P08708|RS17_HUMAN	P08708	RS17_HUMAN	RPS17	135	Homo sapiens	40S ribosomal protein S17	1:Experimental evidence at protein level	8.89	0.9839	0.9990	1	1	1	1	1	1	343404	343404	343404	11K(304.2072), 12K(304.2072), 2C(57.0215), N-term(304.2072)			13561.8057	12067.8535	27546.5996	9751.2666	8906.7588	11141.4385	16044.1191	15955.3252	19690.1348	17984.7734	15637.6865	15651.8652	9121.1641	8315.8145	7106.1689	0.0000
sp|O15400|STX7_HUMAN	O15400	STX7_HUMAN	STX7	261	Homo sapiens	Syntaxin-7	1:Experimental evidence at protein level	5.75	0.9838	0.9990	1	1	1	1	1	1	537355	537355	537355	N-term(304.2072)			16665.9941	15145.5947	13402.9824	6026.8535	5197.3979	4363.3447	10052.5293	10379.1484	9707.9131	9869.9375	10411.7148	9735.3555	3262.4292	3814.0049	4347.8452	0.0000
sp|O95197|RTN3_HUMAN	O95197	RTN3_HUMAN	RTN3	1032	Homo sapiens	Reticulon-3	1:Experimental evidence at protein level	1.07	0.9838	0.9990	1	1	1	1	1	1	393345	393345	393345	N-term(304.2072)			14835.3662	4695.3149	11099.9277	6772.4858	5369.9155	8369.0537	7304.9424	13062.0908	11493.2266	10641.1279	12483.3105	10393.8027	10811.0186	5342.2983	7966.2944	0.0000
sp|P50914|RL14_HUMAN	P50914	RL14_HUMAN	RPL14	215	Homo sapiens	60S ribosomal protein L14	1:Experimental evidence at protein level	5.58	0.9837	0.9990	1	1	1	1	1	1	1430392	1430392	1430392	N-term(304.2072)			37276.9766	20714.1172	37265.5703	27706.8887	19008.6289	23619.1641	18882.4102	17350.1934	25933.0078	18489.2031	19485.9824	20242.4980	13146.1201	10300.0703	16368.1553	0.0000
sp|P19086|GNAZ_HUMAN	P19086	GNAZ_HUMAN	GNAZ	355	Homo sapiens	Guanine nucleotide-binding protein G(z) subunit alpha	1:Experimental evidence at protein level	4.23	0.9836	0.9990	1	1	1	1	1	1	522814	522814	522814	N-term(304.2072)			7419.7388	10927.9473	11352.5215	8022.7466	6788.3516	5838.5742	16393.4570	11888.7656	13530.1514	13827.8369	9192.0293	12064.4639	4326.0137	3173.9065	3742.8762	0.0000
sp|Q8N5M9|JAGN1_HUMAN	Q8N5M9	JAGN1_HUMAN	JAGN1	183	Homo sapiens	Protein jagunal homolog 1	1:Experimental evidence at protein level	6.56	0.9835	0.9989	1	1	1	1	1	1	277209	277209	277209	N-term(304.2072)			8365.5000	8211.6328	7568.0122	3665.2002	6238.7363	4505.5869	4974.5400	8265.1514	9212.8164	7429.1553	8105.6372	5526.3428	5302.8877	4662.4043	5771.1226	0.0000
sp|P82930|RT34_HUMAN	P82930	RT34_HUMAN	MRPS34	218	Homo sapiens	28S ribosomal protein S34, mitochondrial	1:Experimental evidence at protein level	8.72	0.9833	0.9989	1	1	1	1	1	1	248091	248091	248091	N-term(304.2072)			10249.5889	12009.6602	14557.1035	12346.6074	12346.7939	12627.5391	19202.5234	20343.5410	19522.1523	20760.7539	19562.2461	17191.4102	10497.4570	9091.2119	8837.2090	0.0000
sp|Q15459|SF3A1_HUMAN	Q15459	SF3A1_HUMAN	SF3A1	793	Homo sapiens	Splicing factor 3A subunit 1	1:Experimental evidence at protein level	1.89	0.9832	0.9424	2	2	2	2	2	2	929155	929155	929155	N-term(304.2072)			25822.7676	23724.2090	12125.5420	8676.9697	4724.1475	6974.7666	6028.8540	5134.4365	3786.9963	7491.8696	6360.7749	4758.5063	4963.4351	4148.8965	6569.1626	0.0000
sp|Q53GQ0|DHB12_HUMAN	Q53GQ0	DHB12_HUMAN	HSD17B12	312	Homo sapiens	Very-long-chain 3-oxoacyl-CoA reductase	1:Experimental evidence at protein level	5.13	0.9830	0.9989	1	1	1	1	1	1	409296	409296	409296	14K(304.2072), 16K(304.2072), N-term(304.2072)			29985.4316	17485.1133	36427.1445	13733.6631	13280.1787	12341.8047	15344.3945	20737.9609	23482.0879	17436.7910	18649.9395	19292.3164	8390.8994	10946.1221	13932.0371	0.0000
sp|Q92900|RENT1_HUMAN	Q92900	RENT1_HUMAN	UPF1	1129	Homo sapiens	Regulator of nonsense transcripts 1	1:Experimental evidence at protein level	1.59	0.9828	0.9989	1	1	1	1	1	1	36316664	36316664	36316664	4K(304.2072), N-term(304.2072)			27968.3320	17797.1445	23773.5371	16186.5615	12269.8193	14028.3223	13064.6455	16428.6211	15151.0430	15550.9141	13821.4492	13878.2529	10949.6191	12334.4492	10437.5791	0.0000
sp|Q14008|CKAP5_HUMAN	Q14008	CKAP5_HUMAN	CKAP5	2032	Homo sapiens	Cytoskeleton-associated protein 5	1:Experimental evidence at protein level	0.69	0.9827	0.9989	1	1	1	1	1	1	347578	347578	347578	14K(304.2072), 6K(304.2072), N-term(304.2072)			36763.2734	32467.1660	29026.3203	24935.4688	23544.3301	19648.3906	17139.6387	16807.6855	23678.1016	18116.7227	18222.8906	16923.1914	18741.9766	14859.1465	23920.1191	0.0000
sp|O75400|PR40A_HUMAN	O75400	PR40A_HUMAN	PRPF40A	957	Homo sapiens	Pre-mRNA-processing factor 40 homolog A	1:Experimental evidence at protein level	1.57	0.9826	0.9989	1	1	1	2	2	2	297777	297777	297777	15K(304.2072), N-term(304.2072)			27288.2314	30909.3936	32935.3936	40164.1953	27993.1357	26813.7051	27894.9346	27998.4609	28714.8984	27746.4727	29550.4170	33217.1504	33843.7188	31871.5459	28511.4053	27672.9229
sp|P63244|RACK1_HUMAN	P63244	RACK1_HUMAN	RACK1	317	Homo sapiens	Receptor of activated protein C kinase 1	1:Experimental evidence at protein level	3.79	0.9826	0.9989	1	1	1	1	1	1	385295	385295	385295	N-term(304.2072)			43227.0078	29384.8086	39979.9922	22569.6582	23145.0195	27730.5527	23354.6484	27569.0449	33214.9414	33997.4531	29204.3125	28373.8750	26109.5625	15377.9043	19637.8359	0.0000
sp|P35030|TRY3_HUMAN	P35030	TRY3_HUMAN	PRSS3	304	Homo sapiens	Trypsin-3	1:Experimental evidence at protein level	4.28	0.9825	0.9949	1	1	1	1	1	1	415687	415687	415687	13K(304.2072)			7602.1729	9647.5693	9660.8818	7744.4731	11408.4707	9037.1201	7271.4800	8114.2915	5502.5874	9650.2295	9962.8496	8178.2637	7352.8633	8915.6025	8659.5869	0.0000
sp|P62910|RL32_HUMAN	P62910	RL32_HUMAN	RPL32	135	Homo sapiens	60S ribosomal protein L32	1:Experimental evidence at protein level	9.63	0.9825	0.9989	1	1	1	1	1	1	265534	265534	265534	13K(304.2072), 3C(57.0215), N-term(304.2072)			11788.7305	8379.7725	15666.9336	8409.2188	7445.0620	9029.0947	9798.2617	10035.3105	12975.6953	10098.5693	13308.1367	13929.6133	7248.7710	6930.8447	7763.8467	1485.4215
sp|O60716|CTND1_HUMAN	O60716	CTND1_HUMAN	CTNND1	968	Homo sapiens	Catenin delta-1	1:Experimental evidence at protein level	1.34	0.9824	0.9989	1	1	1	1	1	1	264502	264502	264502	N-term(304.2072)			0.0000	0.0000	0.0000	0.0000	0.0000	0.0000	0.0000	0.0000	0.0000	0.0000	0.0000	0.0000	0.0000	0.0000	0.0000	0.0000
sp|P52926|HMGA2_HUMAN	P52926	HMGA2_HUMAN	HMGA2	109	Homo sapiens	High mobility group protein HMGI-C	1:Experimental evidence at protein level	21.10	0.9820	0.9988	1	1	1	1	1	1	806602	806602	806602	22K(304.2072), N-term(304.2072)			5188.2119	2036.0658	9058.6396	5362.1357	4467.1079	6429.2104	5029.1475	5884.2651	6405.9990	6101.4282	5681.3779	3013.5259	7239.3652	5060.9434	5310.1797	0.0000
sp|Q13867|BLMH_HUMAN	Q13867	BLMH_HUMAN	BLMH	455	Homo sapiens	Bleomycin hydrolase	1:Experimental evidence at protein level	4.40	0.9820	0.9989	1	1	1	1	1	1	154880	154880	154880	14K(304.2072), 20K(304.2072), N-term(304.2072)			6901.1401	3994.2881	5439.3687	4838.2188	5406.0684	4351.4346	6011.1914	6782.6807	8181.5259	5782.1714	7356.8716	7972.8354	6580.1641	6973.4932	7096.6309	0.0000
sp|P48449|LSS_HUMAN	P48449	LSS_HUMAN	LSS	732	Homo sapiens	Lanosterol synthase	1:Experimental evidence at protein level	1.78	0.9814	0.9988	1	1	1	1	1	1	350440	350440	350440	13K(304.2072), N-term(304.2072)			29364.0996	13891.7139	23249.2637	9908.5693	7595.9580	8606.6387	13010.8672	9546.1816	11726.9033	10969.3965	10572.1436	10857.0361	7602.7749	5214.7588	6317.6123	0.0000
sp|P25398|RS12_HUMAN	P25398	RS12_HUMAN	RPS12	132	Homo sapiens	40S ribosomal protein S12	1:Experimental evidence at protein level	7.58	0.9813	0.9988	1	1	1	1	1	1	697456	697456	697456	N-term(304.2072)			21917.4863	19813.7637	13656.1191	8788.8027	7475.1362	8505.1123	6855.1851	8502.2725	10004.4150	13934.8447	7395.0483	13562.1094	10702.5879	5383.6470	5199.2495	0.0000
sp|P0DME0|SETLP_HUMAN	P0DME0	SETLP_HUMAN	SETSIP	302	Homo sapiens	Protein SETSIP	1:Experimental evidence at protein level	4.30	0.9812	0.9988	1	0	1	1	0	1	227911	     0	227911	13K(304.2072), N-term(304.2072)		sp|Q01105|SET_HUMAN	9146.9375	7086.2783	9369.8594	6734.7993	7038.7734	6206.2163	5841.6035	8579.4795	9742.8398	8338.5723	6363.0464	8043.5122	6647.2007	5889.7598	4939.4932	0.0000
sp|P28074|PSB5_HUMAN	P28074	PSB5_HUMAN	PSMB5	263	Homo sapiens	Proteasome subunit beta type-5	1:Experimental evidence at protein level	3.80	0.9806	0.9988	1	1	1	1	1	1	293861	293861	293861	N-term(304.2072)			7161.3418	8305.1982	5249.6685	4831.3359	7030.0308	5355.6318	8166.3281	5769.9282	7576.5903	8697.2051	7964.6016	9788.8496	7367.0156	3832.4817	4523.0586	0.0000
sp|P68871|HBB_HUMAN	P68871	HBB_HUMAN	HBB	147	Homo sapiens	Hemoglobin subunit beta	1:Experimental evidence at protein level	8.84	0.9805	0.9988	1	1	1	1	1	1	403180	403180	403180	N-term(304.2072)			8608.3633	3792.3369	9855.3887	7508.4971	7486.4355	10513.0605	8732.1904	23570.0098	17503.0586	12544.6348	18096.9199	16264.4102	11920.5088	19294.7109	12918.6855	0.0000
sp|Q5JWF2|GNAS1_HUMAN	Q5JWF2	GNAS1_HUMAN	GNAS	1037	Homo sapiens	Guanine nucleotide-binding protein G(s) subunit alpha isoforms XLas	1:Experimental evidence at protein level	2.31	0.9805	0.9643	2	1	1	2	1	1	3466457	323298	3466457	N-term(304.2072)			20129.2734	10982.5088	13329.5098	8631.8164	5646.8955	7822.8027	7844.2026	15141.8105	10673.9395	8947.1738	11743.4902	14140.2617	7869.4795	8185.1274	11271.2002	0.0000
sp|Q9H4G0|E41L1_HUMAN	Q9H4G0	E41L1_HUMAN	EPB41L1	881	Homo sapiens	Band 4.1-like protein 1	1:Experimental evidence at protein level	1.70	0.9804	0.9987	1	1	1	1	1	1	455999	455999	455999	N-term(304.2072)			22981.5801	25661.7090	23737.5078	16981.1504	17579.3730	12039.1201	20551.2324	14907.2568	16765.8418	22200.6680	15806.8848	17900.6074	10522.0654	8899.8916	11618.1543	0.0000
sp|O43143|DHX15_HUMAN	O43143	DHX15_HUMAN	DHX15	795	Homo sapiens	ATP-dependent RNA helicase DHX15	1:Experimental evidence at protein level	1.51	0.9799	0.9987	1	1	1	1	1	1	570159	570159	570159	N-term(304.2072)			8574.6309	4259.2104	9898.5684	6221.8130	5674.9487	8979.4219	6220.6021	7117.0728	6378.9531	7548.4404	8387.3760	9390.5410	8805.7139	6912.9087	8083.1079	0.0000
sp|P09417|DHPR_HUMAN	P09417	DHPR_HUMAN	QDPR	244	Homo sapiens	Dihydropteridine reductase	1:Experimental evidence at protein level	6.97	0.9798	0.9987	1	1	1	1	1	1	651255	651255	651255	N-term(304.2072)			17621.9824	16026.9326	15059.1416	11346.9785	9100.2744	9011.3174	13132.9365	14676.2441	14945.8760	20346.3145	17473.5742	17637.9102	9604.8242	8393.1162	9529.4307	0.0000
sp|P68363|TBA1B_HUMAN	P68363	TBA1B_HUMAN	TUBA1B	451	Homo sapiens	Tubulin alpha-1B chain	1:Experimental evidence at protein level	52.11	0.9797	0.9972	20	0	1	59	0	1	42387638	     0	42387638	N-term(304.2072)			19464.0332	20057.7227	17326.3496	16867.1562	13228.2598	11674.4492	19634.8770	15262.8076	22854.7129	17752.2578	18499.1914	19811.2012	20409.4355	15018.1924	13350.4941	13597.5459
sp|Q6PCE3|PGM2L_HUMAN	Q6PCE3	PGM2L_HUMAN	PGM2L1	622	Homo sapiens	Glucose 1,6-bisphosphate synthase	1:Experimental evidence at protein level	2.57	0.9793	0.9497	2	2	2	2	2	2	514147	514147	514147	7K(304.2072), N-term(304.2072)			10713.1338	6963.5840	13185.8428	8492.6592	8126.4253	8870.4209	11644.7227	13124.4443	18124.5312	12984.1455	18016.1875	15253.6465	13829.9629	8678.8633	11138.9355	0.0000
sp|Q96P63|SPB12_HUMAN	Q96P63	SPB12_HUMAN	SERPINB12	405	Homo sapiens	Serpin B12	1:Experimental evidence at protein level	2.96	0.9793	0.9943	1	1	1	1	1	1	1755345	1755345	1755345	2K(304.2072), N-term(304.2072)			26590.7812	25282.3125	22626.3984	21566.6152	25701.9453	22508.2832	25558.3613	44093.8555	32168.3672	43147.2617	38199.3242	51430.5664	38745.2461	26858.2012	46636.1484	0.0000
sp|Q8N684|CPSF7_HUMAN	Q8N684	CPSF7_HUMAN	CPSF7	471	Homo sapiens	Cleavage and polyadenylation specificity factor subunit 7	1:Experimental evidence at protein level	2.76	0.9787	0.9986	1	1	1	1	1	1	270161	270161	270161	N-term(304.2072)			24768.7402	21109.4043	18165.7441	10978.3428	6658.5796	7876.1733	10271.0518	9666.4521	11375.5781	8523.0244	7942.1577	9864.0400	8458.6006	7453.8926	6486.8530	0.0000
sp|O14744|ANM5_HUMAN	O14744	ANM5_HUMAN	PRMT5	637	Homo sapiens	Protein arginine N-methyltransferase 5	1:Experimental evidence at protein level	2.51	0.9786	0.9176	2	2	2	2	2	2	521963	521963	521963	8K(304.2072), N-term(304.2072)			16448.0000	12021.9834	15261.9932	10808.0029	7527.2563	10267.9492	10742.6230	9783.0469	9945.3369	12460.7520	11719.9297	13200.2979	9996.3164	5878.6699	8701.9561	0.0000
sp|Q8N5K1|CISD2_HUMAN	Q8N5K1	CISD2_HUMAN	CISD2	135	Homo sapiens	CDGSH iron-sulfur domain-containing protein 2	1:Experimental evidence at protein level	10.37	0.9786	0.9590	2	2	2	2	2	2	937701	937701	937701	7K(304.2072), N-term(304.2072)			23828.2480	13807.2275	19689.7266	13531.1738	9720.1289	13120.9463	17754.7148	20665.5352	21068.2188	23344.9453	18630.4980	18700.7070	8396.6045	8756.9609	11179.0996	0.0000
sp|Q16836|HCDH_HUMAN	Q16836	HCDH_HUMAN	HADH	314	Homo sapiens	Hydroxyacyl-coenzyme A dehydrogenase, mitochondrial	1:Experimental evidence at protein level	2.55	0.9784	0.9986	1	1	1	1	1	1	423056	423056	423056	8K(304.2072), N-term(304.2072)			51632.2852	18436.4531	37337.9336	11012.7021	8742.0742	10091.7793	15878.3662	19651.5859	30200.3809	16658.1523	22458.9668	17825.3203	8525.3535	6635.1152	9547.2363	0.0000
sp|Q9UHQ9|NB5R1_HUMAN	Q9UHQ9	NB5R1_HUMAN	CYB5R1	305	Homo sapiens	NADH-cytochrome b5 reductase 1	1:Experimental evidence at protein level	3.93	0.9783	0.9986	1	1	1	1	1	1	1460041	1460041	1460041	12K(304.2072), N-term(304.2072)			30148.5293	17474.3867	31681.1445	20281.2070	13060.9941	15938.1768	21486.5957	26332.4082	27476.9727	21451.2363	28316.9961	24987.4785	15528.3643	13424.2842	17274.4258	0.0000
sp|P50213|IDH3A_HUMAN	P50213	IDH3A_HUMAN	IDH3A	366	Homo sapiens	Isocitrate dehydrogenase [NAD] subunit alpha, mitochondrial	1:Experimental evidence at protein level	3.01	0.9782	0.9986	1	1	1	1	1	1	340121	340121	340121	11K(304.2072), N-term(304.2072)			0.0000	0.0000	0.0000	0.0000	0.0000	0.0000	0.0000	0.0000	0.0000	0.0000	0.0000	0.0000	0.0000	0.0000	0.0000	0.0000
contam_sp|P07477|TRY1_HUMAN	P07477	TRY1_HUMAN	PRSS1	247	Homo sapiens	Trypsin-1	1:Experimental evidence at protein level	11.34	0.9781	0.9975	2	0	1	3	0	2	11469936	     0	11469936	20K(304.2072), N-term(304.2072)		sp|P07477|TRY1_HUMAN	11079.9229	12626.5947	11935.7588	16359.5566	19153.2734	15699.2148	18771.6621	11610.4131	13644.2783	17507.3223	12866.5840	14967.0127	10833.9033	12786.6826	9858.1299	0.0000
sp|P41091|IF2G_HUMAN	P41091	IF2G_HUMAN	EIF2S3	472	Homo sapiens	Eukaryotic translation initiation factor 2 subunit 3	1:Experimental evidence at protein level	2.12	0.9776	0.9986	1	0	1	1	0	1	266231	     0	266231	10K(304.2072), N-term(304.2072)		sp|Q2VIR3|IF2GL_HUMAN	38695.9844	20669.3438	27520.0391	16238.0713	9870.9150	11414.8018	10917.4336	12312.8984	11016.9766	11480.5977	13864.9941	10336.1562	11516.0576	8322.8213	9717.1592	0.0000
sp|P56385|ATP5I_HUMAN	P56385	ATP5I_HUMAN	ATP5ME	69	Homo sapiens	ATP synthase subunit e, mitochondrial	1:Experimental evidence at protein level	14.49	0.9776	0.9986	1	1	1	1	1	1	1060476	1060476	1060476	10K(304.2072), N-term(304.2072)			50004.2656	47546.9023	42476.7383	13539.9492	14558.9082	13499.5156	32775.2305	29483.4844	33261.8281	32945.4727	26706.5234	32394.0879	11959.0352	9352.6016	8135.4878	0.0000
sp|Q8TC12|RDH11_HUMAN	Q8TC12	RDH11_HUMAN	RDH11	318	Homo sapiens	Retinol dehydrogenase 11	1:Experimental evidence at protein level	4.40	0.9773	0.9985	1	1	1	1	1	1	421106	421106	421106	N-term(304.2072)			22877.1562	14230.1836	16165.6670	9034.5820	8602.4521	7064.2861	12243.5537	10833.8232	13877.2119	13456.3047	10197.3525	9705.7012	8213.6621	2755.4597	7318.4995	0.0000
sp|P20618|PSB1_HUMAN	P20618	PSB1_HUMAN	PSMB1	241	Homo sapiens	Proteasome subunit beta type-1	1:Experimental evidence at protein level	5.81	0.9771	0.9985	1	1	1	1	1	1	225118	225118	225118	2M(15.9949), N-term(304.2072)			12816.7676	10282.8848	11418.1465	7039.6196	8080.9829	6083.7466	7589.1030	9965.4648	10520.6777	9575.7188	10584.3740	10098.7148	9234.8018	8491.1572	5539.6230	0.0000
sp|Q9Y617|SERC_HUMAN	Q9Y617	SERC_HUMAN	PSAT1	370	Homo sapiens	Phosphoserine aminotransferase	1:Experimental evidence at protein level	3.78	0.9755	0.9984	1	1	1	1	1	1	     0	     0	     0	14K(304.2072), N-term(304.2072)			12036.1719	10759.3984	8705.9883	7114.5884	6167.0098	6669.0557	4306.7046	4514.7798	4197.4043	5586.8408	4883.7886	6631.5225	3621.4866	3660.7764	4501.3311	0.0000
sp|O00154|BACH_HUMAN	O00154	BACH_HUMAN	ACOT7	380	Homo sapiens	Cytosolic acyl coenzyme A thioester hydrolase	1:Experimental evidence at protein level	4.47	0.9751	0.9984	1	1	1	1	1	1	822899	822899	822899	15K(304.2072), 16K(304.2072), N-term(304.2072)			19738.7832	12503.7910	21300.1289	19420.5762	15801.1982	19267.3730	18329.4844	19718.9941	19860.1367	23760.7168	23886.3086	21181.0234	13841.5801	15345.9336	19634.1484	0.0000
sp|Q9UHG3|PCYOX_HUMAN	Q9UHG3	PCYOX_HUMAN	PCYOX1	505	Homo sapiens	Prenylcysteine oxidase 1	1:Experimental evidence at protein level	2.38	0.9746	0.9984	1	1	1	1	1	1	438022	438022	438022	N-term(304.2072)			20915.8965	18151.9746	21954.4453	9122.5020	6145.3989	5543.9585	9216.4785	8987.1006	9595.6318	9869.8994	10489.1484	11305.2920	6478.4106	4093.8840	4233.4858	0.0000
sp|O00231|PSD11_HUMAN	O00231	PSD11_HUMAN	PSMD11	422	Homo sapiens	26S proteasome non-ATPase regulatory subunit 11	1:Experimental evidence at protein level	1.66	0.9738	0.9983	1	1	1	1	1	1	329355	329355	329355	7K(304.2072), N-term(304.2072)			55153.4258	41691.7539	44060.7227	23840.6445	17241.8438	17998.1152	24603.0605	25226.1152	26288.7715	21070.6777	24441.8945	27262.9551	16213.0312	14380.3809	16437.3105	1865.0016
sp|Q8N8S7|ENAH_HUMAN	Q8N8S7	ENAH_HUMAN	ENAH	591	Homo sapiens	Protein enabled homolog	1:Experimental evidence at protein level	3.72	0.9736	0.9983	1	1	1	1	1	1	     0	     0	     0	12K(304.2072), 22K(304.2072), 9K(304.2072), N-term(304.2072)			49250.7891	33785.8359	36353.2031	15139.9482	9056.2510	8695.5547	11659.2656	10815.9688	11533.0928	9371.5020	9810.0039	9179.1738	5342.7046	4599.8359	7501.1294	0.0000
sp|P52815|RM12_HUMAN	P52815	RM12_HUMAN	MRPL12	198	Homo sapiens	39S ribosomal protein L12, mitochondrial	1:Experimental evidence at protein level	5.56	0.9727	0.9982	1	1	1	1	1	1	278184	278184	278184	11K(304.2072), 1K(304.2072), N-term(304.2072)			44418.4023	36305.1094	39817.0000	18045.2578	15071.9814	11662.5605	16111.3066	28709.5586	19469.6543	22379.8516	17153.0586	18765.3066	11830.6221	11403.6904	11514.3711	1379.3716
sp|P0C7V7|SC11B_HUMAN	P0C7V7	SC11B_HUMAN	SEC11B	166	Homo sapiens	Putative signal peptidase complex catalytic subunit SEC11B	5:Protein uncertain	7.83	0.9722	0.9982	1	0	1	1	0	1	234331	     0	234331	4K(304.2072), N-term(304.2072)		sp|P67812|SC11A_HUMAN	20721.7324	17063.3730	22678.3164	17205.9766	13704.5098	15894.7539	16724.0352	17196.8711	21801.5703	20950.6406	20231.0176	15884.5635	13807.5234	12421.7080	10274.0996	1572.8215
sp|Q69YI7|NAIF1_HUMAN	Q69YI7	NAIF1_HUMAN	NAIF1	327	Homo sapiens	Nuclear apoptosis-inducing factor 1	1:Experimental evidence at protein level	8.56	0.9713	0.9234	1	1	1	2	2	2	3176150	3176150	3176150	22M(15.9949), 24K(304.2072), 5M(15.9949), N-term(304.2072)			3868.7681	3051.5273	6043.1519	6232.7764	5648.5649	7445.6509	6384.4419	6502.8145	8318.8125	5782.0278	4979.5376	6327.5366	4363.4067	6754.1685	3763.1626	0.0000
sp|P53007|TXTP_HUMAN	P53007	TXTP_HUMAN	SLC25A1	311	Homo sapiens	Tricarboxylate transport protein, mitochondrial	1:Experimental evidence at protein level	3.54	0.9710	0.9981	1	1	1	1	1	1	1066450	1066450	1066450	11K(304.2072), N-term(304.2072)			24886.1875	16450.1211	28456.0586	22139.0801	17810.2246	21856.1289	21162.5469	22715.0332	25168.6523	22232.5176	25046.1914	26472.5664	19574.0840	16825.0918	20965.2812	0.0000
sp|Q9H4M9|EHD1_HUMAN	Q9H4M9	EHD1_HUMAN	EHD1	534	Homo sapiens	EH domain-containing protein 1	1:Experimental evidence at protein level	1.69	0.9709	0.9981	1	0	1	1	0	1	250640	     0	250640	N-term(304.2072)		sp|Q9NZN3|EHD3_HUMAN, sp|Q9NZN4|EHD2_HUMAN	6994.9575	6503.5049	9643.1484	6084.4463	6434.2080	6135.0908	5035.0283	6534.7349	7145.7300	4959.2964	5997.0508	6081.1782	5263.8691	6457.0942	3933.3652	0.0000
sp|Q8IWJ2|GCC2_HUMAN	Q8IWJ2	GCC2_HUMAN	GCC2	1684	Homo sapiens	GRIP and coiled-coil domain-containing protein 2	1:Experimental evidence at protein level	2.08	0.9701	0.8857	2	2	2	2	2	2	6085280	6085280	6085280	27K(304.2072), 8K(304.2072), N-term(304.2072)			0.0000	0.0000	0.0000	0.0000	0.0000	0.0000	0.0000	0.0000	0.0000	0.0000	0.0000	0.0000	0.0000	0.0000	0.0000	0.0000
sp|O43324|MCA3_HUMAN	O43324	MCA3_HUMAN	EEF1E1	174	Homo sapiens	Eukaryotic translation elongation factor 1 epsilon-1	1:Experimental evidence at protein level	8.62	0.9697	0.9980	1	1	1	1	1	1	390480	390480	390480	15K(304.2072), 4K(304.2072), N-term(304.2072)			25674.5645	12173.9785	17341.4707	13016.5137	6060.4292	6554.9604	8037.5879	10304.8203	10609.2129	13476.1709	11856.4648	12899.6445	5258.6973	6242.7446	6021.8442	0.0000
sp|O95166|GBRAP_HUMAN	O95166	GBRAP_HUMAN	GABARAP	117	Homo sapiens	Gamma-aminobutyric acid receptor-associated protein	1:Experimental evidence at protein level	18.80	0.9682	0.9112	2	1	2	2	1	2	628498	339206	628498	11K(304.2072), 4K(304.2072), N-term(304.2072)			22450.8301	16997.4688	15681.1055	15158.0215	17112.2637	13108.6562	13085.3457	14703.4424	12076.1279	15563.5547	12289.1133	14163.4912	11531.7969	10290.8379	12942.5947	0.0000
sp|P28072|PSB6_HUMAN	P28072	PSB6_HUMAN	PSMB6	239	Homo sapiens	Proteasome subunit beta type-6	1:Experimental evidence at protein level	4.18	0.9676	0.9979	1	1	1	1	1	1	261038	261038	261038	10K(304.2072), N-term(304.2072)			26117.9570	18189.8262	11533.4121	7509.9839	12865.8945	10003.8047	12436.1963	13574.8154	12340.9941	16703.1230	14151.0996	19213.5898	8837.3477	9125.4873	11010.7070	0.0000
sp|Q93070|NAR4_HUMAN	Q93070	NAR4_HUMAN	ART4	314	Homo sapiens	Ecto-ADP-ribosyltransferase 4	2:Experimental evidence at transcript level	2.23	0.9671	0.9313	1	1	1	4	4	4	15897204	15897204	15897204	2M(15.9949), N-term(304.2072)			55320.0049	27766.2793	62457.7061	51966.6738	23108.0137	48468.0752	37496.0459	146186.7695	52773.5625	52276.1172	49915.4717	44753.5225	99161.2656	54274.7422	53611.6982	1480.6071
sp|Q92747|ARC1A_HUMAN	Q92747	ARC1A_HUMAN	ARPC1A	370	Homo sapiens	Actin-related protein 2/3 complex subunit 1A	1:Experimental evidence at protein level	4.59	0.9652	0.9220	2	2	2	2	2	2	1594911	1594911	1594911	7K(304.2072), N-term(304.2072)			32224.4824	22633.5254	23899.7207	10769.6162	9468.6133	10356.0811	17802.3789	17229.6895	18033.9492	14959.4766	18816.6914	19198.1484	10442.1299	9776.8584	9221.9521	0.0000
sp|P09110|THIK_HUMAN	P09110	THIK_HUMAN	ACAA1	424	Homo sapiens	3-ketoacyl-CoA thiolase, peroxisomal	1:Experimental evidence at protein level	3.07	0.9647	0.9977	1	1	1	1	1	1	4301760	4301760	4301760	13K(304.2072), 2K(304.2072), N-term(304.2072)			32699.7305	28467.2988	28640.9395	10299.5537	7465.2173	8331.9043	14701.6367	13586.4688	20061.0215	16846.8652	17217.4648	14581.9043	5869.2563	4765.0830	6054.6909	0.0000
sp|P31025|LCN1_HUMAN	P31025	LCN1_HUMAN	LCN1	176	Homo sapiens	Lipocalin-1	1:Experimental evidence at protein level	6.25	0.9647	0.9977	1	0	1	1	0	1	631096	     0	631096	N-term(304.2072)		sp|Q5VSP4|LC1L1_HUMAN	15371.6445	17573.2910	22390.7832	18942.8809	55825.3516	28811.2930	22754.2129	27178.0156	27578.6777	32572.1309	30125.2363	42712.8906	16536.1074	81448.9688	22874.1328	0.0000
sp|P11169|GTR3_HUMAN	P11169	GTR3_HUMAN	SLC2A3	496	Homo sapiens	Solute carrier family 2, facilitated glucose transporter member 3	1:Experimental evidence at protein level	2.22	0.9640	0.9977	1	0	1	1	0	1	502626	     0	502626	N-term(304.2072)		sp|Q8TDB8|GTR14_HUMAN	11081.7354	12465.3975	11103.0967	8227.2061	8207.7754	6597.0371	8238.1377	5968.3184	7466.0854	11100.2188	7209.6733	6532.5918	6370.6426	2684.3125	5494.0537	0.0000
sp|P54136|SYRC_HUMAN	P54136	SYRC_HUMAN	RARS1	660	Homo sapiens	Arginine--tRNA ligase, cytoplasmic	1:Experimental evidence at protein level	1.52	0.9629	0.9976	1	1	1	1	1	1	238515	238515	238515	10K(304.2072), N-term(304.2072)			18714.8594	18355.4297	21600.1836	12305.2646	17178.8340	15387.8691	21053.1914	20851.2852	20741.4121	27862.7109	24088.8887	28969.4160	21099.7676	21026.6426	27473.2598	1654.2034
sp|P02511|CRYAB_HUMAN	P02511	CRYAB_HUMAN	CRYAB	175	Homo sapiens	Alpha-crystallin B chain	1:Experimental evidence at protein level	6.29	0.9628	0.9976	1	1	1	1	1	1	251258	251258	251258	11K(304.2072), N-term(304.2072)			33699.0234	16225.4746	33892.3008	7847.8975	7104.2441	5354.6685	5574.8623	6654.3813	5294.8779	4951.7905	4793.7871	6089.9653	4075.7222	4760.8340	3848.9497	0.0000
sp|P31947|1433S_HUMAN	P31947	1433S_HUMAN	SFN	248	Homo sapiens	14-3-3 protein sigma	1:Experimental evidence at protein level	8.47	0.9624	0.9943	2	1	1	5	1	1	16449516	347538	16449516	11K(304.2072), 12K(304.2072), N-term(304.2072)			14741.0752	5235.6543	7209.5298	5367.2227	14557.4473	17021.5938	10355.5127	13999.5361	5193.1567	11899.1348	13798.2422	18798.1445	13736.5635	9238.7305	15327.7627	0.0000
sp|P49773|HINT1_HUMAN	P49773	HINT1_HUMAN	HINT1	126	Homo sapiens	Adenosine 5'-monophosphoramidase HINT1	1:Experimental evidence at protein level	11.11	0.9611	0.9975	1	1	1	2	2	2	439216	439216	439216	14K(304.2072), N-term(304.2072)			80710.2461	72997.9004	50941.9980	32066.4932	23671.3135	29136.2510	38756.7812	41805.8691	42804.1445	51688.9043	40804.6465	43103.3340	25812.5889	23314.5391	30544.8018	0.0000
sp|O94826|TOM70_HUMAN	O94826	TOM70_HUMAN	TOMM70	608	Homo sapiens	Mitochondrial import receptor subunit TOM70	1:Experimental evidence at protein level	1.48	0.9602	0.9974	1	1	1	1	1	1	356925	356925	356925	9K(304.2072), N-term(304.2072)			22129.0098	19821.6445	19817.7891	11557.6289	7065.5776	10186.0576	14762.4980	18281.0156	15606.0420	13349.9189	17213.2617	12701.2656	8402.8750	11161.2852	8786.4004	0.0000
sp|P0DP23|CALM1_HUMAN	P0DP23	CALM1_HUMAN	CALM1	149	Homo sapiens	Calmodulin-1	1:Experimental evidence at protein level	10.74	0.9591	0.9973	1	0	1	1	0	1	821386	     0	821386	4K(304.2072), N-term(304.2072)		sp|P0DP24|CALM2_HUMAN, sp|P0DP25|CALM3_HUMAN	8734.9785	21867.4961	25633.6875	8193.6416	28369.1602	19944.9082	15583.8408	25620.2266	21354.5957	41153.8984	28468.4941	28905.8809	10980.7148	9309.0078	14520.6133	0.0000
sp|Q9BXS5|AP1M1_HUMAN	Q9BXS5	AP1M1_HUMAN	AP1M1	423	Homo sapiens	AP-1 complex subunit mu-1	1:Experimental evidence at protein level	3.31	0.9570	0.9972	1	0	1	1	0	1	200778	     0	200778	12C(57.0215), 8K(304.2072), N-term(304.2072)		sp|Q9Y6Q5|AP1M2_HUMAN	5130.7080	3838.9626	3748.0183	5777.9736	6111.7114	4328.7334	5679.6538	5238.6831	3979.7620	5516.1328	4670.5571	6915.4150	5495.5229	3638.3076	5501.6167	0.0000
sp|Q9Y3F4|STRAP_HUMAN	Q9Y3F4	STRAP_HUMAN	STRAP	350	Homo sapiens	Serine-threonine kinase receptor-associated protein	1:Experimental evidence at protein level	3.43	0.9553	0.9971	1	1	1	1	1	1	383981	383981	383981	12K(304.2072), 6K(304.2072), N-term(304.2072)			89528.1250	44862.1562	69928.2500	27819.8848	18392.3730	15064.7871	17765.9336	30503.9414	23695.9727	27994.8477	26487.4688	26276.6758	19056.3223	16051.6797	19216.4707	0.0000
sp|P13987|CD59_HUMAN	P13987	CD59_HUMAN	CD59	128	Homo sapiens	CD59 glycoprotein	1:Experimental evidence at protein level	6.25	0.9549	0.9970	1	1	1	1	1	1	600650	600650	600650	8K(304.2072), N-term(304.2072)			37248.5156	26353.2148	42778.7891	14149.5752	10867.4658	16094.4033	21199.1211	25355.5879	28507.0566	21851.2148	30685.0098	28707.6465	10641.3916	9688.4414	13765.1270	0.0000
sp|P62899|RL31_HUMAN	P62899	RL31_HUMAN	RPL31	125	Homo sapiens	60S ribosomal protein L31	1:Experimental evidence at protein level	7.20	0.9546	0.9970	1	1	1	1	1	1	1537490	1537490	1537490	N-term(304.2072)			42626.5117	34286.0703	64152.0547	36609.2070	33146.3398	41903.3516	41415.3477	39680.8477	45525.9883	41634.9570	42611.7773	45408.5312	30255.0254	25605.5312	28020.2676	1825.3440
sp|Q15417|CNN3_HUMAN	Q15417	CNN3_HUMAN	CNN3	329	Homo sapiens	Calponin-3	1:Experimental evidence at protein level	3.34	0.9536	0.9970	1	0	1	1	0	1	204260	     0	204260	11K(304.2072), N-term(304.2072)		sp|Q99439|CNN2_HUMAN	43677.4609	17183.8320	29628.5020	11119.5342	9187.0098	14327.9893	9993.5771	9856.7539	9712.7373	10549.2188	11117.6162	10401.5605	8422.7246	7295.1265	7655.8936	0.0000
sp|Q5T750|XP32_HUMAN	Q5T750	XP32_HUMAN	XP32	250	Homo sapiens	Skin-specific protein 32	1:Experimental evidence at protein level	4.80	0.9532	0.9969	1	1	1	1	1	1	210874	210874	210874	12K(304.2072), 5C(57.0215), N-term(304.2072)			11322.3291	5128.8745	7314.2959	6089.3535	4358.0234	5558.8237	20763.4766	9376.6660	14212.4570	6774.6050	12064.9404	13523.6846	9157.8438	11494.4004	10245.6514	0.0000
sp|Q9NR28|DBLOH_HUMAN	Q9NR28	DBLOH_HUMAN	DIABLO	239	Homo sapiens	Diablo IAP-binding mitochondrial protein	1:Experimental evidence at protein level	4.18	0.9529	0.9969	1	1	1	1	1	1	358778	358778	358778	N-term(304.2072)			27751.5508	21758.5742	22981.0762	12333.5068	11541.6338	13711.5352	19864.1523	16648.6289	22736.8125	19183.7852	19454.8184	20739.5137	11780.0322	9257.8594	10724.8125	1136.1885
sp|O00232|PSD12_HUMAN	O00232	PSD12_HUMAN	PSMD12	456	Homo sapiens	26S proteasome non-ATPase regulatory subunit 12	1:Experimental evidence at protein level	4.61	0.9500	0.9967	1	1	1	1	1	1	396585	396585	396585	1K(304.2072), 20K(304.2072), N-term(304.2072)			31920.9297	19660.8047	30495.8379	14563.6367	11634.8740	13186.8525	14507.8086	17403.3340	18218.3730	17123.5859	16667.7207	15643.9287	11727.2227	10436.8066	9762.0840	0.0000
sp|P24752|THIL_HUMAN	P24752	THIL_HUMAN	ACAT1	427	Homo sapiens	Acetyl-CoA acetyltransferase, mitochondrial	1:Experimental evidence at protein level	3.51	0.9471	0.9965	1	1	1	1	1	1	2006589	2006589	2006589	14K(304.2072), 8K(304.2072), N-term(304.2072)			40765.4141	44137.6484	43655.0312	13365.4922	12124.2393	11072.1777	30145.0508	27493.7441	31967.9355	29851.5840	24323.6562	26058.1523	6298.4473	5751.8799	6805.0024	0.0000
sp|P04179|SODM_HUMAN	P04179	SODM_HUMAN	SOD2	222	Homo sapiens	Superoxide dismutase [Mn], mitochondrial	1:Experimental evidence at protein level	6.31	0.9468	0.9965	1	1	1	1	1	1	226632	226632	226632	14K(304.2072), N-term(304.2072)			13221.1641	5252.8340	8482.4131	3325.2373	3797.2659	4484.0454	4478.9370	6606.7515	6275.6733	5525.3433	6343.4326	7215.2700	4182.3755	1849.1824	1676.1870	0.0000
sp|Q9UIJ7|KAD3_HUMAN	Q9UIJ7	KAD3_HUMAN	AK3	227	Homo sapiens	GTP:AMP phosphotransferase AK3, mitochondrial	1:Experimental evidence at protein level	3.96	0.9462	0.9964	1	1	1	1	1	1	291488	291488	291488	9K(304.2072), N-term(304.2072)			35152.5977	19409.5156	25283.6602	12897.0156	9146.8662	11113.1641	17352.8281	20910.9531	18984.5215	16932.9844	19219.8535	21919.3125	10316.5049	7740.2617	8214.8730	0.0000
sp|Q5TEC6|H37_HUMAN	Q5TEC6	H37_HUMAN	H3-7	136	Homo sapiens	Histone H3-7	1:Experimental evidence at protein level	19.85	0.9439	0.9627	3	1	1	10	2	2	360223514	8822170	360223514	7K(304.2072), N-term(304.2072)			188383.3750	85746.4180	150676.3594	113299.7031	99351.0430	103963.0352	74309.9102	85986.6641	116964.8086	67126.4492	111339.4648	85153.4844	77565.9414	70995.8574	103328.6953	1803.0131
sp|O60610|DIAP1_HUMAN	O60610	DIAP1_HUMAN	DIAPH1	1272	Homo sapiens	Protein diaphanous homolog 1	1:Experimental evidence at protein level	1.42	0.9437	0.9963	1	1	1	1	1	1	200594	200594	200594	13K(304.2072), N-term(304.2072)			19119.1191	34584.8516	17657.4590	15923.3145	10194.3506	12730.4600	7005.3076	8071.9565	5749.6987	5181.3857	5966.4277	6475.0713	3996.0986	4378.9233	5662.7017	1197.0543
sp|P12235|ADT1_HUMAN	P12235	ADT1_HUMAN	SLC25A4	298	Homo sapiens	ADP/ATP translocase 1	1:Experimental evidence at protein level	28.19	0.9437	0.9090	8	1	1	18	1	1	13918405	419057	13918405	N-term(304.2072)			16682.4258	3987.0154	15802.7842	7099.7681	5206.5942	7160.0454	9870.0664	16997.1211	20616.2441	9284.1055	18659.8848	13073.4775	12142.1172	9591.1650	10918.3398	0.0000
sp|P13674|P4HA1_HUMAN	P13674	P4HA1_HUMAN	P4HA1	534	Homo sapiens	Prolyl 4-hydroxylase subunit alpha-1	1:Experimental evidence at protein level	1.87	0.9432	0.9962	1	1	1	1	1	1	303218	303218	303218	N-term(304.2072)			9786.7920	7101.1631	8695.3916	4986.1943	5199.5117	4857.6353	5531.1240	6174.0371	5616.2593	6567.5947	6723.0649	4463.3389	2513.3088	2598.5930	4222.8379	0.0000
sp|Q9UJZ1|STML2_HUMAN	Q9UJZ1	STML2_HUMAN	STOML2	356	Homo sapiens	Stomatin-like protein 2, mitochondrial	1:Experimental evidence at protein level	4.49	0.9422	0.9962	1	1	1	1	1	1	     0	     0	     0	N-term(304.2072)			19707.6895	16195.1689	16410.1641	12826.0957	10740.6992	14173.2871	13689.7197	12105.0596	13040.3994	16896.8242	12840.7617	17018.0137	10218.5146	11678.2549	11062.6426	0.0000
sp|P14174|MIF_HUMAN	P14174	MIF_HUMAN	MIF	115	Homo sapiens	Macrophage migration inhibitory factor	1:Experimental evidence at protein level	9.57	0.9404	0.9960	1	1	1	1	1	1	1143567	1143567	1143567	2M(15.9949), N-term(304.2072)			71624.6250	62542.2305	50196.3047	26552.1094	16405.8496	16980.6855	20214.1680	20759.7871	22399.2559	25926.3223	21563.3359	23039.6387	12019.9141	11848.1680	12210.8281	0.0000
sp|O60832|DKC1_HUMAN	O60832	DKC1_HUMAN	DKC1	514	Homo sapiens	H/ACA ribonucleoprotein complex subunit DKC1	1:Experimental evidence at protein level	1.56	0.9397	0.8845	1	1	1	1	1	1	411170	411170	411170	4K(304.2072), N-term(304.2072)			0.0000	0.0000	0.0000	0.0000	0.0000	0.0000	0.0000	0.0000	0.0000	0.0000	0.0000	0.0000	0.0000	0.0000	0.0000	0.0000
sp|O95210|STBD1_HUMAN	O95210	STBD1_HUMAN	STBD1	358	Homo sapiens	Starch-binding domain-containing protein 1	1:Experimental evidence at protein level	3.91	0.9383	0.9036	1	1	1	1	1	1	2174316	2174316	2174316	14K(304.2072), N-term(304.2072)			43204.7188	51938.3984	57212.9219	82125.4922	71275.2500	76194.3828	78615.7500	60867.9883	68655.4688	85244.0000	66025.0625	80830.4297	63094.9297	59982.3047	64411.2109	1845.7278
sp|Q9P0J0|NDUAD_HUMAN	Q9P0J0	NDUAD_HUMAN	NDUFA13	144	Homo sapiens	NADH dehydrogenase [ubiquinone] 1 alpha subcomplex subunit 13	1:Experimental evidence at protein level	6.25	0.9350	0.9957	1	1	1	1	1	1	365694	365694	365694	N-term(304.2072)			30982.6934	24236.6914	29040.5977	17412.9375	17210.2051	21291.2168	24495.7480	20226.3418	19854.6172	27818.1621	20690.1387	26198.0273	15198.5811	11812.2236	11641.5977	2596.8081
sp|P02787|TRFE_HUMAN	P02787	TRFE_HUMAN	TF	698	Homo sapiens	Serotransferrin	1:Experimental evidence at protein level	1.15	0.9322	0.9955	1	1	1	1	1	1	483450	483450	483450	8K(304.2072), N-term(304.2072)			30436.8789	22371.5488	30839.4805	18267.8809	14081.1592	17762.7871	19749.3359	65334.1992	20750.8164	21307.9609	25506.1973	21348.8848	21503.9590	16136.9863	12134.4258	0.0000
sp|O75348|VATG1_HUMAN	O75348	VATG1_HUMAN	ATP6V1G1	118	Homo sapiens	V-type proton ATPase subunit G 1	1:Experimental evidence at protein level	13.56	0.9294	0.9953	1	0	1	1	0	1	200666	     0	200666	15K(304.2072), N-term(42.0106)		sp|O95670|VATG2_HUMAN	5508.6948	6477.8384	5669.2202	4862.4175	5859.1465	4893.9771	7931.1597	6629.4146	5865.6226	7562.1313	6992.3193	7333.4795	5507.2949	4023.6592	5655.9233	0.0000
sp|Q15428|SF3A2_HUMAN	Q15428	SF3A2_HUMAN	SF3A2	464	Homo sapiens	Splicing factor 3A subunit 2	1:Experimental evidence at protein level	2.16	0.9277	0.9951	1	1	1	1	1	1	684131	684131	684131	10K(304.2072), N-term(304.2072)			29652.8594	15274.6016	14819.8281	7779.1587	8340.6016	7517.9839	7691.5322	7279.9521	8758.3164	9954.4141	6641.3960	6421.1221	5237.8726	4836.4810	5211.3779	0.0000
sp|P49006|MRP_HUMAN	P49006	MRP_HUMAN	MARCKSL1	195	Homo sapiens	MARCKS-related protein	1:Experimental evidence at protein level	6.67	0.9254	0.9763	1	1	1	1	1	1	846581	846581	846581	13K(304.2072), N-term(304.2072)			9753.5166	7933.3848	10816.8672	5068.6953	8579.0947	5660.0835	11500.5146	10574.3848	8616.2021	15658.1914	11556.9639	7986.5449	3888.4609	3285.7148	3061.5166	0.0000
sp|P09669|COX6C_HUMAN	P09669	COX6C_HUMAN	COX6C	75	Homo sapiens	Cytochrome c oxidase subunit 6C	1:Experimental evidence at protein level	10.67	0.9236	0.9948	1	1	1	1	1	1	570366	570366	570366	8K(304.2072), N-term(304.2072)			58823.3711	46227.5703	54977.6797	38885.8867	32343.7402	38002.4922	30325.7188	31877.4941	32213.7773	36740.3438	31299.3809	32358.5762	25266.1426	16011.2217	29092.1348	0.0000
sp|P12814|ACTN1_HUMAN	P12814	ACTN1_HUMAN	ACTN1	892	Homo sapiens	Alpha-actinin-1	1:Experimental evidence at protein level	2.80	0.9219	0.9877	2	1	1	3	1	1	771052	443491	771052	13K(304.2072), 2K(304.2072), N-term(304.2072)			38668.8125	33921.0742	39951.1484	17208.4082	12738.7852	9710.8555	8977.7363	13610.3975	11619.9482	10317.0156	10956.9629	14498.0693	10805.9502	9041.0908	9785.8242	1928.3058
contam_sp|Q7Z3Y8|K1C27_HUMAN	Q7Z3Y8	K1C27_HUMAN	KRT27	459	Homo sapiens	Keratin, type I cytoskeletal 27	1:Experimental evidence at protein level	5.88	0.9217	0.9475	3	0	1	11	0	1	105710174	     0	105710174	N-term(304.2072)		sp|Q7Z3Y8|K1C27_HUMAN	29678.5469	21417.7090	9140.9111	7406.8467	14187.5342	16260.6719	9332.0625	5574.8755	4109.3882	5344.5234	6923.6050	11363.1934	18094.9746	5008.4136	3670.1655	0.0000
sp|O75844|FACE1_HUMAN	O75844	FACE1_HUMAN	ZMPSTE24	475	Homo sapiens	CAAX prenyl protease 1 homolog	1:Experimental evidence at protein level	1.68	0.9174	0.9944	1	1	1	1	1	1	     0	     0	     0	8K(304.2072), N-term(304.2072)			29080.9121	19607.9707	25460.2461	13754.8545	9924.2148	10807.6367	13359.0371	11589.6621	15233.7510	12441.7676	12495.6475	11387.9307	8189.3940	6872.3774	8212.5273	0.0000
sp|P05388|RLA0_HUMAN	P05388	RLA0_HUMAN	RPLP0	317	Homo sapiens	60S acidic ribosomal protein P0	1:Experimental evidence at protein level	2.21	0.9156	0.9943	1	1	1	1	1	1	414704	414704	414704	5M(15.9949), 7K(304.2072), N-term(304.2072)			35617.3477	17216.0098	22987.7773	10054.2822	10097.3711	9255.7988	13043.0625	13959.5664	18189.4629	15439.6289	13280.9590	11962.1445	8290.2148	6337.6309	9031.0273	0.0000
sp|Q9Y3D7|TIM16_HUMAN	Q9Y3D7	TIM16_HUMAN	PAM16	125	Homo sapiens	Mitochondrial import inner membrane translocase subunit TIM16	1:Experimental evidence at protein level	5.60	0.9154	0.9942	1	1	1	1	1	1	395785	395785	395785	7K(304.2072), N-term(304.2072)			18132.8945	7576.5356	16794.8906	6881.0435	4679.6611	6453.8555	14435.2275	14139.5449	15136.0479	15433.8916	16766.2812	16080.3340	5989.6592	5630.2642	4668.3311	0.0000
sp|P35998|PRS7_HUMAN	P35998	PRS7_HUMAN	PSMC2	433	Homo sapiens	26S proteasome regulatory subunit 7	1:Experimental evidence at protein level	2.77	0.9151	0.9942	1	1	1	1	1	1	     0	     0	     0	1K(304.2072), N-term(304.2072)			27387.2305	21065.0566	31833.0586	17795.9355	12583.3301	17527.7129	18603.2148	21621.8477	20803.8809	25267.0254	20715.0977	24760.8926	12808.9238	11344.8115	12600.7314	0.0000
sp|O00567|NOP56_HUMAN	O00567	NOP56_HUMAN	NOP56	594	Homo sapiens	Nucleolar protein 56	1:Experimental evidence at protein level	1.52	0.9148	0.9942	1	1	1	1	1	1	445467	445467	445467	9K(304.2072), N-term(304.2072)			41801.2969	21743.0879	31709.8086	20598.8574	21099.2090	22225.2305	18550.9395	21875.9590	22729.3359	22187.1152	19775.0371	23329.7637	16625.9590	14042.4717	20440.0742	0.0000
sp|P49721|PSB2_HUMAN	P49721	PSB2_HUMAN	PSMB2	201	Homo sapiens	Proteasome subunit beta type-2	1:Experimental evidence at protein level	7.46	0.9083	0.9937	1	1	1	1	1	1	322512	322512	322512	N-term(304.2072)			11406.2725	9604.0811	9997.1885	5712.0752	6505.1064	4966.7793	6766.9995	8454.6963	8405.7666	9672.4434	10368.1270	11158.3652	5768.2100	4595.9790	7107.6948	0.0000
sp|P29762|RABP1_HUMAN	P29762	RABP1_HUMAN	CRABP1	137	Homo sapiens	Cellular retinoic acid-binding protein 1	1:Experimental evidence at protein level	5.11	0.9049	0.9746	1	0	1	1	0	1	528644	     0	528644	7K(304.2072), N-term(304.2072)			105538.3594	52054.0742	59228.2422	16205.6963	18201.3105	15929.0059	22083.0488	22309.7559	25378.0059	25288.3848	23619.2441	25465.2188	15577.6514	12985.4287	17547.4258	0.0000
sp|Q9Y512|SAM50_HUMAN	Q9Y512	SAM50_HUMAN	SAMM50	469	Homo sapiens	Sorting and assembly machinery component 50 homolog	1:Experimental evidence at protein level	1.71	0.9048	0.9934	1	1	1	1	1	1	292900	292900	292900	8K(304.2072), N-term(304.2072)			22247.6680	14698.3154	21928.6230	15925.7480	12761.1182	19358.6973	18544.7480	22173.9062	21553.5605	23793.8086	25607.4121	23702.0430	15889.5059	14980.6562	15715.5039	1281.6622
sp|Q92945|FUBP2_HUMAN	Q92945	FUBP2_HUMAN	KHSRP	711	Homo sapiens	Far upstream element-binding protein 2	1:Experimental evidence at protein level	1.83	0.8989	0.9930	1	1	1	1	1	1	206571	206571	206571	13K(304.2072), N-term(304.2072)			19502.5176	15111.4619	11730.0342	7514.1465	5759.5610	8443.1035	7763.4722	8457.5576	4713.8457	10172.6650	4266.1934	5507.4849	7443.5503	3582.1309	5574.5669	0.0000
sp|A6NKH3|RL37L_HUMAN	A6NKH3	RL37L_HUMAN	RPL37AP8	93	Homo sapiens	Putative 60S ribosomal protein L37a-like protein	5:Protein uncertain	8.60	0.8870	0.9921	1	0	1	1	0	1	553091	     0	553091	3C(57.0215), 6C(57.0215), 8K(304.2072), N-term(304.2072)		sp|P61513|RL37A_HUMAN	43982.0156	23422.0215	51464.0898	28736.0352	19151.1172	25419.1406	22041.3672	30756.2676	37747.7344	25172.2070	36026.0156	28127.8652	25999.3926	20158.0586	21310.3320	1092.2197
sp|Q15041|AR6P1_HUMAN	Q15041	AR6P1_HUMAN	ARL6IP1	203	Homo sapiens	ADP-ribosylation factor-like protein 6-interacting protein 1	1:Experimental evidence at protein level	4.93	0.8746	0.9911	1	1	1	3	3	3	927665	927665	927665	10K(304.2072), 5C(57.0215), N-term(304.2072)			59869.1377	86226.7861	54260.5254	51376.7236	35563.2871	36262.2129	38344.9082	65459.4873	51313.3623	55264.8350	47020.5889	47263.9326	34266.9004	32566.1636	43163.4023	0.0000
sp|Q05682|CALD1_HUMAN	Q05682	CALD1_HUMAN	CALD1	793	Homo sapiens	Caldesmon	1:Experimental evidence at protein level	2.52	0.8735	0.9910	1	1	1	1	1	1	373951	373951	373951	3K(304.2072), 6K(304.2072), N-term(304.2072)			15868.7627	21041.8242	24082.0352	13593.9355	14419.1191	16488.6914	5829.3804	10998.4600	6911.2622	8402.9326	5715.6484	8074.9507	6310.5269	6400.1396	7159.2578	0.0000
sp|P00403|COX2_HUMAN	P00403	COX2_HUMAN	MT-CO2	227	Homo sapiens	Cytochrome c oxidase subunit 2	1:Experimental evidence at protein level	4.41	0.8730	0.9517	1	1	1	1	1	1	296326	296326	296326	N-term(304.2072)			29274.8203	13187.3740	27809.1543	12865.8877	10204.8008	13374.2861	12657.3643	14643.3623	16642.4688	16130.8857	15520.5791	13955.2227	11648.7041	9712.1963	12174.5830	0.0000
sp|Q93045|STMN2_HUMAN	Q93045	STMN2_HUMAN	STMN2	179	Homo sapiens	Stathmin-2	1:Experimental evidence at protein level	16.20	0.8717	0.9158	3	1	1	3	1	1	2021858	375866	2021858	N-term(304.2072)			14352.2207	12891.7080	13328.5234	6195.3853	6246.2866	6301.8940	13254.8418	9392.2305	11591.8281	12008.5361	10751.5703	12625.7109	4662.6450	2997.6328	4525.0010	0.0000
sp|P07910|HNRPC_HUMAN	P07910	HNRPC_HUMAN	HNRNPC	306	Homo sapiens	Heterogeneous nuclear ribonucleoproteins C1/C2	1:Experimental evidence at protein level	10.13	0.8712	0.9122	4	1	1	4	1	1	2696894	1250654	2696894	N-term(304.2072)			70475.2500	50676.5703	46461.7578	30771.0098	22788.2188	20998.2500	26648.2168	26811.5762	28826.4199	30528.7910	31667.6465	29317.6504	19535.6016	16320.0674	22711.7070	0.0000
sp|P03928|ATP8_HUMAN	P03928	ATP8_HUMAN	MT-ATP8	68	Homo sapiens	ATP synthase protein 8	1:Experimental evidence at protein level	13.24	0.8662	0.9904	1	1	1	1	1	1	1525987	1525987	1525987	4K(304.2072), 9K(304.2072), N-term(304.2072)			73566.5859	47396.6523	77448.4141	34540.4219	28734.9805	28708.3047	59095.4180	61981.2656	68726.0469	71569.5781	67207.4609	70923.5938	31876.3516	25188.3652	19284.9824	0.0000
sp|P51553|IDH3G_HUMAN	P51553	IDH3G_HUMAN	IDH3G	393	Homo sapiens	Isocitrate dehydrogenase [NAD] subunit gamma, mitochondrial	1:Experimental evidence at protein level	2.54	0.8654	0.9903	1	1	1	1	1	1	265452	265452	265452	2K(304.2072), N-term(304.2072)			8581.7295	4135.1445	6324.4663	3798.8042	3750.1074	2903.2900	8107.4780	8068.7710	15355.0586	9424.2852	11508.2617	10447.6104	2762.3320	2695.6565	3169.6248	0.0000
sp|Q15738|NSDHL_HUMAN	Q15738	NSDHL_HUMAN	NSDHL	373	Homo sapiens	Sterol-4-alpha-carboxylate 3-dehydrogenase, decarboxylating	1:Experimental evidence at protein level	1.88	0.8599	0.9899	1	1	1	1	1	1	333658	333658	333658	7K(304.2072), N-term(304.2072)			46179.4609	24582.7090	33381.9688	11812.5078	11434.1436	10377.5820	9887.8506	13202.8994	15561.2715	16876.2969	16700.0781	14418.4961	7235.9463	7137.7407	8740.6260	0.0000
sp|Q15046|SYK_HUMAN	Q15046	SYK_HUMAN	KARS1	597	Homo sapiens	Lysine--tRNA ligase	1:Experimental evidence at protein level	2.35	0.8572	0.9897	1	1	1	2	2	2	314042	314042	314042	14K(304.2072), 3K(304.2072), N-term(304.2072)			53658.5371	46170.2988	45884.5938	35301.1689	25541.5674	28993.8799	28170.2949	27885.4297	27215.5703	29734.5664	29523.3115	30054.7900	21480.8799	21311.9854	19159.8438	0.0000
sp|Q99714|HCD2_HUMAN	Q99714	HCD2_HUMAN	HSD17B10	261	Homo sapiens	3-hydroxyacyl-CoA dehydrogenase type-2	1:Experimental evidence at protein level	3.07	0.8566	0.9896	1	1	1	1	1	1	1294022	1294022	1294022	N-term(304.2072)			69640.5781	39496.9414	64635.8867	24251.0918	16115.8125	19013.9570	30354.9805	39098.1172	48284.6641	34419.3711	33208.2070	35848.7773	12344.8672	11260.6025	14345.5420	0.0000
sp|Q96DA6|TIM14_HUMAN	Q96DA6	TIM14_HUMAN	DNAJC19	116	Homo sapiens	Mitochondrial import inner membrane translocase subunit TIM14	1:Experimental evidence at protein level	6.90	0.8537	0.9894	1	1	1	1	1	1	294546	294546	294546	8K(304.2072), N-term(304.2072)			26534.4727	26535.8555	28071.5176	24228.6074	22964.4434	22652.1484	29319.8633	26133.4863	30316.7422	31637.0898	29068.2227	29144.8613	23415.8594	21753.1855	21793.5215	0.0000
sp|P84090|ERH_HUMAN	P84090	ERH_HUMAN	ERH	104	Homo sapiens	Enhancer of rudimentary homolog	1:Experimental evidence at protein level	10.58	0.8367	0.9879	1	1	1	1	1	1	256780	256780	256780	11K(304.2072), N-term(42.0106)			21056.4004	19625.0312	18931.0117	11871.4629	16338.2197	14192.7314	16343.4824	12010.5947	13748.2930	13993.8682	9591.5234	14502.1055	10290.9473	8027.4404	10398.0986	0.0000
sp|Q01081|U2AF1_HUMAN	Q01081	U2AF1_HUMAN	U2AF1	240	Homo sapiens	Splicing factor U2AF 35 kDa subunit	1:Experimental evidence at protein level	3.33	0.8334	0.9876	1	1	1	1	1	1	444695	444695	444695	N-term(304.2072)			34878.7812	20376.7031	24229.8086	12622.0186	10598.6240	10742.6748	16342.1123	16472.3496	18456.8750	19121.7539	16711.0684	18787.4199	12775.8359	10924.6230	13466.5078	0.0000
sp|P63241|IF5A1_HUMAN	P63241	IF5A1_HUMAN	EIF5A	154	Homo sapiens	Eukaryotic translation initiation factor 5A-1	1:Experimental evidence at protein level	4.55	0.8309	0.9874	1	0	1	1	0	1	243428	     0	243428	7K(304.2072), N-term(304.2072)		sp|Q6IS14|IF5AL_HUMAN, sp|Q9GZV4|IF5A2_HUMAN	26312.7676	30084.7617	30104.9160	30245.4219	26617.0664	25842.0879	26457.8281	26290.6543	25719.9141	33533.8281	26518.4180	27967.6250	20805.8320	18639.1602	18974.8770	1523.3177
sp|Q9Y653|AGRG1_HUMAN	Q9Y653	AGRG1_HUMAN	ADGRG1	693	Homo sapiens	Adhesion G-protein coupled receptor G1	1:Experimental evidence at protein level	2.45	0.8302	0.9873	1	1	1	1	1	1	208770	208770	208770	17K(304.2072), N-term(304.2072)			17369.3184	8222.3633	11561.8818	7131.0425	5913.2881	5869.3447	6856.7734	6878.2129	8166.6216	7396.1631	9002.2100	8217.6357	7166.8398	8381.6543	7065.0874	0.0000
sp|P12273|PIP_HUMAN	P12273	PIP_HUMAN	PIP	146	Homo sapiens	Prolactin-inducible protein	1:Experimental evidence at protein level	6.85	0.8148	0.9859	1	1	1	1	1	1	639262	639262	639262	8K(304.2072), N-term(304.2072)			9723.0830	35948.0703	15974.5088	10734.1982	16529.8340	17194.8008	11907.2139	25135.5527	26496.6836	20276.6602	20937.7285	21601.5312	18902.4512	15598.8125	22050.3477	0.0000
sp|P47914|RL29_HUMAN	P47914	RL29_HUMAN	RPL29	159	Homo sapiens	60S ribosomal protein L29	1:Experimental evidence at protein level	6.29	0.8053	0.9851	1	1	1	1	1	1	450352	450352	450352	10K(304.2072), 5K(304.2072), N-term(304.2072)			26029.7227	25013.0410	45634.5156	27211.0254	28653.8789	27356.6719	13302.3125	14540.0752	17661.6973	13871.2666	14858.6855	14560.2627	16573.9922	13598.5488	15424.5049	0.0000
sp|Q01484|ANK2_HUMAN	Q01484	ANK2_HUMAN	ANK2	3957	Homo sapiens	Ankyrin-2	1:Experimental evidence at protein level	0.43	0.8052	0.9850	1	1	1	1	1	1	570216	570216	570216	17K(304.2072), N-term(304.2072)			10215.4834	9062.4111	14241.9277	11313.8311	11512.7188	9625.3389	11422.6143	10537.0312	10784.0205	10701.1660	10505.3047	11274.1416	9226.2627	7612.6128	10646.3350	0.0000
sp|O75880|SCO1_HUMAN	O75880	SCO1_HUMAN	SCO1	301	Homo sapiens	Protein SCO1 homolog, mitochondrial	1:Experimental evidence at protein level	5.32	0.8021	0.9848	1	1	1	1	1	1	355657	355657	355657	N-term(304.2072)			12096.9365	11152.5234	14196.1006	10243.6777	8149.9473	7571.5439	10779.8359	10310.4072	10870.9980	10729.3730	9786.3818	9948.8115	5293.5054	6640.6831	5646.4463	0.0000
sp|P30533|AMRP_HUMAN	P30533	AMRP_HUMAN	LRPAP1	357	Homo sapiens	Alpha-2-macroglobulin receptor-associated protein	1:Experimental evidence at protein level	2.52	0.7996	0.9845	1	1	1	1	1	1	239370	239370	239370	9K(304.2072), N-term(304.2072)			13932.3594	7164.3218	11167.2627	6617.7280	5445.0059	5107.7646	7038.9146	7827.6406	6967.3896	9616.9004	8023.3979	6436.5698	6017.9048	3246.0000	4558.5190	0.0000
sp|Q96PK6|RBM14_HUMAN	Q96PK6	RBM14_HUMAN	RBM14	669	Homo sapiens	RNA-binding protein 14	1:Experimental evidence at protein level	1.79	0.7983	0.9844	1	1	1	1	1	1	221670	221670	221670	12K(304.2072), 9K(304.2072), N-term(304.2072)			13785.1924	14382.0361	13239.6025	12352.5195	8904.2900	6197.3716	9552.2129	12149.7158	9721.6230	10769.7480	9732.8652	8946.2402	6002.6357	5103.3257	7624.1162	0.0000
sp|O95336|6PGL_HUMAN	O95336	6PGL_HUMAN	PGLS	258	Homo sapiens	6-phosphogluconolactonase	1:Experimental evidence at protein level	6.20	0.7926	0.9838	1	1	1	1	1	1	379991	379991	379991	N-term(304.2072)			23296.5723	14943.7988	21348.9297	12781.0156	10322.7119	13175.8936	13871.1836	12484.7334	14808.4873	14421.0264	15963.0938	17118.9219	12232.9082	9089.3027	9096.6328	0.0000
sp|P31948|STIP1_HUMAN	P31948	STIP1_HUMAN	STIP1	543	Homo sapiens	Stress-induced-phosphoprotein 1	1:Experimental evidence at protein level	1.29	0.7895	0.9201	1	0	1	1	0	1	528457	     0	528457	N-term(304.2072)			29364.2559	15165.0449	11629.5039	7258.9219	7152.6108	5419.0269	9471.3965	11288.1562	8493.9980	9736.8223	9717.1836	7604.8599	5634.4624	7731.0908	7897.8989	0.0000
sp|P30049|ATPD_HUMAN	P30049	ATPD_HUMAN	ATP5F1D	168	Homo sapiens	ATP synthase subunit delta, mitochondrial	1:Experimental evidence at protein level	5.36	0.7864	0.9832	1	1	1	1	1	1	621276	621276	621276	9K(304.2072), N-term(304.2072)			19277.6016	23163.2266	24162.1777	11949.3271	17465.0234	16932.8711	43831.9766	28664.0625	35198.0078	44669.3398	30450.9570	31260.2109	13600.0312	8786.0840	8912.6270	0.0000
sp|Q9NP79|VTA1_HUMAN	Q9NP79	VTA1_HUMAN	VTA1	307	Homo sapiens	Vacuolar protein sorting-associated protein VTA1 homolog	1:Experimental evidence at protein level	2.61	0.7823	0.9828	1	1	1	1	1	1	383956	383956	383956	N-term(304.2072)			23423.7539	15889.5186	17294.5527	10571.4688	5809.6943	6518.2026	10961.0186	14012.4619	12528.8291	14543.5693	13783.9473	14374.1299	9424.6260	9189.6328	8342.0693	0.0000
sp|Q9NX40|OCAD1_HUMAN	Q9NX40	OCAD1_HUMAN	OCIAD1	245	Homo sapiens	OCIA domain-containing protein 1	1:Experimental evidence at protein level	3.27	0.7800	0.9826	1	1	1	1	1	1	414055	414055	414055	N-term(304.2072)			22957.6191	24143.2793	20955.5410	9797.7793	8810.1826	7193.2827	16978.5332	13832.7207	17278.6855	16330.1055	17786.0391	19523.5391	7157.5210	7099.4482	7770.7080	0.0000
sp|P63010|AP2B1_HUMAN	P63010	AP2B1_HUMAN	AP2B1	937	Homo sapiens	AP-2 complex subunit beta	1:Experimental evidence at protein level	1.07	0.7782	0.9170	1	1	1	1	1	1	362275	362275	362275	10K(304.2072), N-term(304.2072)			32715.2852	21357.3320	34076.2773	15576.2070	12931.5430	9128.4736	14914.5293	15672.4873	16967.0820	14034.3203	15438.3662	13931.3477	9218.8750	9684.0352	7892.5420	0.0000
sp|O95716|RAB3D_HUMAN	O95716	RAB3D_HUMAN	RAB3D	219	Homo sapiens	Ras-related protein Rab-3D	1:Experimental evidence at protein level	8.68	0.7651	0.9568	2	0	1	3	0	1	1811198	     0	1811198	6C(57.0215), 8K(304.2072), N-term(304.2072)		sp|P20336|RAB3A_HUMAN	35575.0859	30495.4121	33363.2188	23376.3926	21052.7012	21783.8691	41466.6562	32955.4336	44430.2891	44300.6367	39985.9219	39249.9531	20959.3906	21045.4746	21598.4492	4679.6768
sp|Q14344|GNA13_HUMAN	Q14344	GNA13_HUMAN	GNA13	377	Homo sapiens	Guanine nucleotide-binding protein subunit alpha-13	1:Experimental evidence at protein level	5.31	0.7636	0.9564	2	1	1	2	1	1	3344017	200858	3344017	9K(304.2072), N-term(304.2072)			21637.4609	10401.1104	15989.1738	8015.2700	6437.1802	6577.8569	8784.6182	10905.7783	10141.3545	8518.3701	8345.5762	9306.0605	6529.1841	4608.1816	6599.4556	0.0000
sp|P26440|IVD_HUMAN	P26440	IVD_HUMAN	IVD	426	Homo sapiens	Isovaleryl-CoA dehydrogenase, mitochondrial	1:Experimental evidence at protein level	2.82	0.7607	0.9807	1	1	1	1	1	1	304162	304162	304162	N-term(304.2072)			18289.0078	17168.1582	15899.9062	8517.7441	5474.3452	7027.8730	11322.7461	10256.3633	13550.8740	11677.7129	12292.7373	12250.2686	3916.8013	5776.4751	4897.8315	0.0000
sp|P31153|METK2_HUMAN	P31153	METK2_HUMAN	MAT2A	395	Homo sapiens	S-adenosylmethionine synthase isoform type-2	1:Experimental evidence at protein level	3.80	0.7590	0.9805	1	1	1	1	1	1	206682	206682	206682	N-term(304.2072)			15418.4141	12176.5303	12399.5898	9061.9551	10880.2520	5923.0229	7894.2676	8739.7256	9590.2891	7920.8389	9003.4072	8809.7158	4753.3872	4360.9141	5733.4302	0.0000
sp|Q00688|FKBP3_HUMAN	Q00688	FKBP3_HUMAN	FKBP3	224	Homo sapiens	Peptidyl-prolyl cis-trans isomerase FKBP3	1:Experimental evidence at protein level	6.25	0.7562	0.9802	1	1	1	1	1	1	324833	324833	324833	11K(304.2072), 14K(304.2072), N-term(304.2072)			27231.0566	16584.6504	19065.5176	12097.9033	10572.9980	9542.2666	12033.4141	11961.4912	11089.2598	12817.1572	9042.2090	10274.8145	11153.7178	8746.2500	9867.7627	0.0000
sp|P52789|HXK2_HUMAN	P52789	HXK2_HUMAN	HK2	917	Homo sapiens	Hexokinase-2	1:Experimental evidence at protein level	1.20	0.7542	0.9800	1	1	1	1	1	1	694104	694104	694104	11K(304.2072), N-term(304.2072)			25352.5449	21797.4316	29117.7715	29643.1582	26179.1211	27633.5566	32662.8496	38311.3281	36108.2539	34566.2656	37859.0781	39130.6641	36272.2344	28394.5723	43369.0781	0.0000
sp|O15173|PGRC2_HUMAN	O15173	PGRC2_HUMAN	PGRMC2	223	Homo sapiens	Membrane-associated progesterone receptor component 2	1:Experimental evidence at protein level	3.59	0.7540	0.8941	1	1	1	1	1	1	549999	549999	549999	8K(304.2072), N-term(304.2072)			0.0000	0.0000	0.0000	0.0000	0.0000	0.0000	0.0000	0.0000	0.0000	0.0000	0.0000	0.0000	0.0000	0.0000	0.0000	0.0000
sp|O75915|PRAF3_HUMAN	O75915	PRAF3_HUMAN	ARL6IP5	188	Homo sapiens	PRA1 family protein 3	1:Experimental evidence at protein level	3.72	0.7487	0.9794	1	1	1	2	2	2	1104557	1104557	1104557	7K(304.2072), N-term(304.2072)			194831.9297	107443.5039	171382.9492	87535.8789	71341.7656	88356.0469	97607.9863	105669.5391	105954.4062	111863.2266	103195.3906	109750.1484	82178.3086	60448.9199	78190.4082	2179.3611
sp|P56556|NDUA6_HUMAN	P56556	NDUA6_HUMAN	NDUFA6	128	Homo sapiens	NADH dehydrogenase [ubiquinone] 1 alpha subcomplex subunit 6	1:Experimental evidence at protein level	5.47	0.7487	0.9794	1	1	1	1	1	1	214044	214044	214044	N-term(304.2072)			10345.4717	7217.8760	8078.4009	4118.6084	3081.5305	4847.0620	6117.1328	5920.3076	7567.7178	6951.0962	7228.6499	8515.8008	5407.9014	5361.0747	4098.9097	0.0000
sp|P05109|S10A8_HUMAN	P05109	S10A8_HUMAN	S100A8	93	Homo sapiens	Protein S100-A8	1:Experimental evidence at protein level	11.83	0.7423	0.9787	1	1	1	1	1	1	495592	495592	495592	6C(57.0215), N-term(304.2072)			14517.1377	7267.1606	9048.1484	10315.2227	7152.1938	9311.5518	15197.9785	16142.3594	26519.0762	11390.8008	15912.2637	17881.1465	11694.5293	14678.7549	15433.5078	0.0000
sp|O75808|CAN15_HUMAN	O75808	CAN15_HUMAN	CAPN15	1086	Homo sapiens	Calpain-15	1:Experimental evidence at protein level	3.50	0.7340	0.9778	1	1	1	1	1	1	1809558	1809558	1809558	13C(57.0215), 38K(304.2072), N-term(304.2072)			3106.1055	7250.0469	2583.0935	4752.0347	14309.0391	8026.6343	12359.4971	9906.3389	7235.1934	28286.7207	10072.5225	25559.4023	12816.5625	4603.5698	15711.2920	0.0000
sp|Q9Y394|DHRS7_HUMAN	Q9Y394	DHRS7_HUMAN	DHRS7	339	Homo sapiens	Dehydrogenase/reductase SDR family member 7	1:Experimental evidence at protein level	2.36	0.7302	0.9774	1	1	1	1	1	1	317618	317618	317618	N-term(304.2072)			32918.2227	28332.2812	37134.6406	13340.3740	12128.4170	13555.5918	15616.5449	14953.4893	15181.8984	17411.9883	12844.7891	14986.7178	7570.9790	6886.3940	7653.4482	0.0000
sp|P62316|SMD2_HUMAN	P62316	SMD2_HUMAN	SNRPD2	118	Homo sapiens	Small nuclear ribonucleoprotein Sm D2	1:Experimental evidence at protein level	5.93	0.7255	0.9768	1	1	1	1	1	1	322910	322910	322910	7K(304.2072), N-term(304.2072)			23680.7344	16730.8027	22696.8867	15631.4268	12654.5723	14526.5234	19727.4805	20301.2793	25354.7969	24382.8047	25836.0020	21623.9355	18933.5059	14601.4785	15934.5264	0.0000
sp|P04080|CYTB_HUMAN	P04080	CYTB_HUMAN	CSTB	98	Homo sapiens	Cystatin-B	1:Experimental evidence at protein level	9.18	0.7219	0.9764	1	1	1	1	1	1	376517	376517	376517	2K(304.2072), N-term(304.2072)			12516.4355	9625.3906	9964.9814	4742.5786	19845.5781	8537.0430	10046.5977	15655.7754	12010.8984	13810.3311	14204.5684	15272.1055	7846.2534	7827.4644	7346.1440	0.0000
sp|O00299|CLIC1_HUMAN	O00299	CLIC1_HUMAN	CLIC1	241	Homo sapiens	Chloride intracellular channel protein 1	1:Experimental evidence at protein level	3.73	0.7217	0.9764	1	1	1	1	1	1	401138	401138	401138	N-term(304.2072)			30369.6660	17527.3945	33529.9766	15593.9277	8876.6445	12625.7822	10106.3320	16519.7598	14900.8750	14976.1729	16723.5117	13771.8457	11020.5830	10577.0332	11437.2012	0.0000
sp|Q99873|ANM1_HUMAN	Q99873	ANM1_HUMAN	PRMT1	371	Homo sapiens	Protein arginine N-methyltransferase 1	1:Experimental evidence at protein level	2.96	0.7121	0.9753	1	1	1	1	1	1	229192	229192	229192	N-term(304.2072)			21883.1250	12412.0371	16816.8828	8157.0669	8380.2725	7734.4951	7211.7603	11423.1582	10406.1025	11439.9951	11300.2422	8837.3809	8480.0107	6630.0532	6968.7300	0.0000
sp|Q02880|TOP2B_HUMAN	Q02880	TOP2B_HUMAN	TOP2B	1626	Homo sapiens	DNA topoisomerase 2-beta	1:Experimental evidence at protein level	0.55	0.7099	0.9750	1	1	1	1	1	1	555076	555076	555076	9K(304.2072), N-term(304.2072)			24047.2773	11513.3047	16606.5234	11304.8750	6392.7534	7805.0674	5809.8613	9422.6689	10280.2588	4842.7954	10366.1357	7507.1685	10708.8721	7803.0195	12225.5273	0.0000
sp|Q8WUY8|NAT14_HUMAN	Q8WUY8	NAT14_HUMAN	NAT14	206	Homo sapiens	Probable N-acetyltransferase 14	1:Experimental evidence at protein level	3.88	0.7022	0.9741	1	1	1	1	1	1	255919	255919	255919	N-term(304.2072)			12798.0908	8667.9658	12976.0410	7846.2202	3522.1592	7922.3394	10901.5293	8487.0459	9150.0049	10458.3672	11999.3740	8156.1987	6312.9839	6518.4985	5470.5488	0.0000
sp|Q96FJ2|DYL2_HUMAN	Q96FJ2	DYL2_HUMAN	DYNLL2	89	Homo sapiens	Dynein light chain 2, cytoplasmic	1:Experimental evidence at protein level	7.87	0.6951	0.9732	1	1	1	1	1	1	203630	203630	203630	7K(304.2072), N-term(304.2072)			21100.4922	6083.9277	15137.1953	5166.3242	3215.5059	4863.3086	6424.0859	16195.3486	13216.6377	10876.1621	17965.8652	10694.2656	6040.9580	8495.4971	5787.3018	0.0000
sp|O43681|GET3_HUMAN	O43681	GET3_HUMAN	GET3	348	Homo sapiens	ATPase GET3	1:Experimental evidence at protein level	2.59	0.6825	0.9716	1	1	1	1	1	1	325416	325416	325416	N-term(304.2072)			0.0000	0.0000	0.0000	0.0000	0.0000	0.0000	0.0000	0.0000	0.0000	0.0000	0.0000	0.0000	0.0000	0.0000	0.0000	0.0000
sp|O95573|ACSL3_HUMAN	O95573	ACSL3_HUMAN	ACSL3	720	Homo sapiens	Fatty acid CoA ligase Acsl3	1:Experimental evidence at protein level	1.25	0.6767	0.9709	1	1	1	1	1	1	531520	531520	531520	N-term(304.2072)			9951.8086	6340.8887	10144.5400	9354.7051	9604.8232	8826.1230	6346.8608	6793.3491	9955.0449	9247.2480	6835.1313	10023.2578	6909.8188	5460.6279	5991.5396	0.0000
sp|Q96GY0|ZC21A_HUMAN	Q96GY0	ZC21A_HUMAN	ZC2HC1A	325	Homo sapiens	Zinc finger C2HC domain-containing protein 1A	1:Experimental evidence at protein level	2.77	0.6757	0.9708	1	1	1	1	1	1	394300	394300	394300	9K(304.2072), N-term(304.2072)			11301.4043	6617.6807	13363.9258	10769.8564	12802.4707	10165.2969	7719.2437	9772.5039	10573.7002	8091.4585	8453.1797	9240.1719	8957.0947	7258.8442	11499.9912	0.0000
sp|Q96A83|COQA1_HUMAN	Q96A83	COQA1_HUMAN	COL26A1	441	Homo sapiens	Collagen alpha-1(XXVI) chain	1:Experimental evidence at protein level	1.59	0.6626	0.9691	1	0	1	1	0	1	487134	     0	487134	7K(304.2072), N-term(304.2072)		sp|Q96DY2|DRC10_HUMAN	37179.3125	46453.8477	55038.3203	10573.4268	10180.7109	9530.8252	18842.4766	14547.3809	16932.4082	16663.0332	19248.1641	12838.8711	6832.6714	6855.8584	5786.8730	0.0000
sp|Q14240|IF4A2_HUMAN	Q14240	IF4A2_HUMAN	EIF4A2	407	Homo sapiens	Eukaryotic initiation factor 4A-II	1:Experimental evidence at protein level	7.37	0.6581	0.9290	2	1	1	2	1	1	1836116	473266	1836116	13K(304.2072), 1K(304.2072), N-term(304.2072)			48678.9141	31831.3594	42540.0430	22786.7793	21158.3379	18215.9043	27032.1543	26077.6641	23664.2246	32113.7383	25425.1113	25885.1348	13850.5508	11553.4893	13823.2480	0.0000
sp|Q9Y4F1|FARP1_HUMAN	Q9Y4F1	FARP1_HUMAN	FARP1	1045	Homo sapiens	FERM, ARHGEF and pleckstrin domain-containing protein 1	1:Experimental evidence at protein level	0.67	0.6493	0.9672	1	1	1	1	1	1	219747	219747	219747	7K(304.2072), N-term(304.2072)			23676.3398	12323.8760	22607.5059	11377.9375	7698.3301	10192.6865	11952.7500	11842.4961	13994.7100	10941.0605	13629.9248	11658.0537	8968.6270	8468.7324	7959.0967	0.0000
sp|P61764|STXB1_HUMAN	P61764	STXB1_HUMAN	STXBP1	594	Homo sapiens	Syntaxin-binding protein 1	1:Experimental evidence at protein level	1.35	0.6460	0.9668	1	1	1	1	1	1	689987	689987	689987	N-term(304.2072)			42434.7578	37129.3164	47829.3945	33422.0508	27098.8066	26786.4492	44184.8359	41148.8633	41710.9141	42118.4805	41607.3750	48228.1719	30949.9629	27602.2832	27531.8398	1050.4465
sp|P61160|ARP2_HUMAN	P61160	ARP2_HUMAN	ACTR2	394	Homo sapiens	Actin-related protein 2	1:Experimental evidence at protein level	1.78	0.6419	0.9662	1	1	1	1	1	1	430476	430476	430476	7K(304.2072), N-term(304.2072)			53342.3125	24579.5488	41375.2305	17582.2324	13854.3076	16151.4219	15871.7627	23505.3203	24585.7637	18016.5039	22840.4668	21540.3262	13904.9414	15230.7031	15348.8320	2429.3584
sp|O43795|MYO1B_HUMAN	O43795	MYO1B_HUMAN	MYO1B	1136	Homo sapiens	Unconventional myosin-Ib	1:Experimental evidence at protein level	0.97	0.6407	0.9660	1	1	1	1	1	1	248983	248983	248983	7K(304.2072), N-term(304.2072)			28753.1621	19855.5586	22375.7070	20280.3984	15041.3193	14645.9961	16286.0293	16198.4727	20150.4629	18530.3105	17075.3691	19517.2305	14700.8721	11673.4463	15681.6074	0.0000
sp|P25789|PSA4_HUMAN	P25789	PSA4_HUMAN	PSMA4	261	Homo sapiens	Proteasome subunit alpha type-4	1:Experimental evidence at protein level	2.68	0.6363	0.9654	1	1	1	1	1	1	273272	273272	273272	7K(304.2072), N-term(304.2072)			29747.7148	14869.1729	20779.2383	13657.6240	9568.9854	13432.3525	10386.6738	21641.9785	17858.9551	16780.3203	18634.1426	22693.1309	13765.0781	13190.4180	15066.6221	0.0000
sp|O96000|NDUBA_HUMAN	O96000	NDUBA_HUMAN	NDUFB10	172	Homo sapiens	NADH dehydrogenase [ubiquinone] 1 beta subcomplex subunit 10	1:Experimental evidence at protein level	8.14	0.6360	0.9653	1	1	1	1	1	1	320751	320751	320751	N-term(304.2072)			9748.7090	6963.9551	12637.5518	6953.1348	6075.5796	7320.0005	10049.2129	8643.4277	8445.5430	9992.0234	11157.2646	10838.6318	5873.3296	6965.5171	6709.1143	0.0000
sp|Q9NTK5|OLA1_HUMAN	Q9NTK5	OLA1_HUMAN	OLA1	396	Homo sapiens	Obg-like ATPase 1	1:Experimental evidence at protein level	2.27	0.6341	0.9651	1	1	1	1	1	1	263619	263619	263619	N-term(304.2072)			20396.8438	11931.9854	17941.4922	13002.2520	10819.7764	14376.3193	12547.6934	13364.0527	14424.6104	16155.1221	15735.5723	13708.2744	13086.5977	9541.8535	10119.6924	0.0000
sp|O75489|NDUS3_HUMAN	O75489	NDUS3_HUMAN	NDUFS3	264	Homo sapiens	NADH dehydrogenase [ubiquinone] iron-sulfur protein 3, mitochondrial	1:Experimental evidence at protein level	5.30	0.6330	0.9649	1	1	1	1	1	1	276237	276237	276237	N-term(304.2072)			12451.6406	7600.9443	7599.4868	3850.3167	4313.1548	3242.4670	4541.4492	6908.4941	4959.7568	5209.0688	4624.0610	6919.8374	2694.6147	2517.7581	1666.3339	0.0000
sp|P26232|CTNA2_HUMAN	P26232	CTNA2_HUMAN	CTNNA2	953	Homo sapiens	Catenin alpha-2	1:Experimental evidence at protein level	1.26	0.6288	0.9643	1	1	1	1	1	1	206615	206615	206615	12K(304.2072), N-term(304.2072)			14075.3135	14537.5957	16103.0908	11450.7939	12942.2871	13430.6348	12872.5732	15162.1230	13705.1748	16118.1660	11285.1729	11916.5986	13531.6777	7345.7422	10811.6992	0.0000
sp|Q13148|TADBP_HUMAN	Q13148	TADBP_HUMAN	TARDBP	414	Homo sapiens	TAR DNA-binding protein 43	1:Experimental evidence at protein level	4.35	0.6250	0.9637	1	1	1	1	1	1	305445	305445	305445	N-term(304.2072)			34952.7578	30420.3984	28871.3340	15391.1455	12663.6992	8974.1406	11569.4492	10199.9375	10485.4521	12501.4873	8456.8916	10279.4795	6763.4692	7677.5474	6749.4185	0.0000
sp|Q14739|LBR_HUMAN	Q14739	LBR_HUMAN	LBR	615	Homo sapiens	Delta(14)-sterol reductase LBR	1:Experimental evidence at protein level	1.30	0.6093	0.9613	1	1	1	1	1	1	442314	442314	442314	N-term(304.2072)			37932.5156	18524.3438	29378.8027	27098.9551	18660.2832	22369.0918	21266.2520	25426.3730	27737.8555	20015.4336	24509.2754	21637.5273	18371.4863	18621.8906	21951.2422	1587.2710
sp|P62304|RUXE_HUMAN	P62304	RUXE_HUMAN	SNRPE	92	Homo sapiens	Small nuclear ribonucleoprotein E	1:Experimental evidence at protein level	13.04	0.6085	0.9612	1	1	1	1	1	1	230404	230404	230404	N-term(304.2072)			6378.3530	6625.3877	4778.2671	2600.9768	5775.1396	4997.7881	5709.5938	3333.6338	4557.9048	3351.4333	3575.4548	5296.8350	3158.6055	2446.9121	3858.9578	0.0000
sp|F8WCM5|INSR2_HUMAN	F8WCM5	INSR2_HUMAN	INS-IGF2	200	Homo sapiens	Insulin, isoform 2	2:Experimental evidence at transcript level	3.50	0.6039	0.9605	1	0	1	1	0	1	3220762	     0	3220762	7K(304.2072), N-term(304.2072)		sp|P01308|INS_HUMAN	107674.9141	70441.2188	118733.2344	36637.7734	32234.3320	35201.5898	62540.7930	108086.1016	110217.3359	71058.2969	109286.4375	70305.6328	31646.3789	24802.3652	25136.5137	0.0000
sp|Q8NC56|LEMD2_HUMAN	Q8NC56	LEMD2_HUMAN	LEMD2	503	Homo sapiens	LEM domain-containing protein 2	1:Experimental evidence at protein level	2.19	0.6032	0.9604	1	1	1	1	1	1	251068	251068	251068	N-term(304.2072)			13357.6377	12220.5342	12990.5605	7815.3271	7897.8369	6763.5986	8045.1987	7470.9629	7192.7310	8089.9971	9017.8604	8268.1514	5912.1274	5690.7993	4312.7637	0.0000
sp|Q86U42|PABP2_HUMAN	Q86U42	PABP2_HUMAN	PABPN1	306	Homo sapiens	Polyadenylate-binding protein 2	1:Experimental evidence at protein level	4.58	0.5978	0.9595	1	1	1	1	1	1	382852	382852	382852	10K(304.2072), N-term(304.2072)			12472.1504	9754.3184	11101.5781	8488.2012	10256.6924	8626.1348	13646.3428	12156.6865	12285.1016	18874.8027	11281.0654	14430.6777	8898.9219	7418.0386	6650.2056	0.0000
sp|O60869|EDF1_HUMAN	O60869	EDF1_HUMAN	EDF1	148	Homo sapiens	Endothelial differentiation-related factor 1	1:Experimental evidence at protein level	10.14	0.5806	0.9567	1	1	1	1	1	1	377836	377836	377836	4K(304.2072), N-term(304.2072)			31658.7637	20433.7266	20581.5820	16676.6094	16685.8633	15931.1426	14653.7061	13866.4727	12502.3213	17284.7910	11619.6123	14641.0723	14514.6543	9010.4141	15705.6064	0.0000
sp|P61266|STX1B_HUMAN	P61266	STX1B_HUMAN	STX1B	288	Homo sapiens	Syntaxin-1B	1:Experimental evidence at protein level	3.12	0.5725	0.9553	1	1	1	1	1	1	754900	754900	754900	N-term(304.2072)			10388.1016	9923.6514	10539.9316	4285.3037	3826.3508	5972.2979	11181.3906	10007.5752	11984.1787	11744.2852	10460.2051	13345.3691	6428.6069	5103.6201	6083.6826	0.0000
sp|Q9UNL2|SSRG_HUMAN	Q9UNL2	SSRG_HUMAN	SSR3	185	Homo sapiens	Translocon-associated protein subunit gamma	1:Experimental evidence at protein level	7.57	0.5631	0.9536	1	1	1	1	1	1	353324	353324	353324	N-term(304.2072)			15214.9258	9927.2539	12998.3340	8599.5176	7716.9658	8271.5449	10515.6729	8133.1377	9726.7529	8714.3652	9259.7627	10592.1641	8342.1855	5364.4766	7157.6035	0.0000
sp|Q9UQ03|COR2B_HUMAN	Q9UQ03	COR2B_HUMAN	CORO2B	480	Homo sapiens	Coronin-2B	1:Experimental evidence at protein level	1.46	0.5622	0.9534	1	1	1	1	1	1	234143	234143	234143	7K(304.2072), N-term(304.2072)			26676.3633	20300.2148	22129.0371	11448.4268	9818.9990	9998.4375	12269.4951	11649.6484	13628.3320	11298.4307	13720.3613	12538.0850	13461.8320	6992.3442	8693.7627	1570.2567
sp|Q9P035|HACD3_HUMAN	Q9P035	HACD3_HUMAN	HACD3	362	Homo sapiens	Very-long-chain (3R)-3-hydroxyacyl-CoA dehydratase 3	1:Experimental evidence at protein level	3.04	0.5593	0.9529	1	1	1	1	1	1	745545	745545	745545	N-term(304.2072)			34745.9766	14652.0605	27826.9199	9732.9795	8088.0806	11518.6201	9958.4590	16209.4053	13981.2246	10755.7803	17326.5137	12406.6973	8949.1875	5844.1382	6506.1504	0.0000
sp|P23368|MAOM_HUMAN	P23368	MAOM_HUMAN	ME2	584	Homo sapiens	NAD-dependent malic enzyme, mitochondrial	1:Experimental evidence at protein level	1.37	0.5524	0.9516	1	1	1	1	1	1	548660	548660	548660	N-term(304.2072)			31961.7051	28424.1523	24346.1289	16393.1758	10661.4854	9387.1328	18148.5137	17473.1250	14711.3252	18245.2246	14425.2100	16335.2979	6170.5063	7069.3735	5375.7397	1244.0016
sp|Q6ZVL6|K154L_HUMAN	Q6ZVL6	K154L_HUMAN	KIAA1549L	1849	Homo sapiens	UPF0606 protein KIAA1549L	2:Experimental evidence at transcript level	0.54	0.5425	0.9498	1	1	1	1	1	1	1987570	1987570	1987570				79478.4531	66047.6328	98632.4609	90427.6953	75240.5078	86587.7188	81720.9844	74500.7891	95904.8594	87281.2734	93687.6172	91127.9922	72194.4922	65006.0977	72279.2578	5670.5264
sp|O43692|PI15_HUMAN	O43692	PI15_HUMAN	PI15	258	Homo sapiens	Peptidase inhibitor 15	1:Experimental evidence at protein level	3.49	0.5321	0.9477	1	1	1	1	1	1	448250	448250	448250	N-term(304.2072)			20656.9805	13148.2607	21434.0938	13365.5557	7816.6206	12179.4824	21643.4395	23803.2051	34935.7031	27967.4082	30838.1387	27468.6074	8340.9053	8765.0518	9000.3135	0.0000
sp|Q7Z406|MYH14_HUMAN	Q7Z406	MYH14_HUMAN	MYH14	1995	Homo sapiens	Myosin-14	1:Experimental evidence at protein level	1.75	0.5289	0.8842	3	1	1	3	1	1	3508875	1982786	3508875	21K(304.2072), N-term(304.2072)			0.0000	0.0000	0.0000	0.0000	0.0000	0.0000	0.0000	0.0000	0.0000	0.0000	0.0000	0.0000	0.0000	0.0000	0.0000	0.0000
sp|P08579|RU2B_HUMAN	P08579	RU2B_HUMAN	SNRPB2	225	Homo sapiens	U2 small nuclear ribonucleoprotein B''	1:Experimental evidence at protein level	3.11	0.5288	0.9471	1	0	1	1	0	1	669972	     0	669972	7K(304.2072), N-term(304.2072)		sp|P09012|SNRPA_HUMAN	26143.9453	23661.9766	24557.9023	20769.0879	14401.2734	19866.3418	21759.0898	18782.9121	19439.3906	22408.7402	19861.3398	20900.5527	15670.0801	14894.8916	19875.9199	0.0000
sp|P12081|HARS1_HUMAN	P12081	HARS1_HUMAN	HARS1	509	Homo sapiens	Histidine--tRNA ligase, cytoplasmic	1:Experimental evidence at protein level	1.77	0.5273	0.9468	1	0	1	1	0	1	280284	     0	280284	N-term(304.2072)		sp|P49590|SYHM_HUMAN	18479.5918	13057.9512	14314.8262	7315.4395	7293.2554	7740.9209	10587.0322	12136.7900	13869.0107	14401.5957	12413.1318	12583.7129	8215.7559	7404.0620	8254.1074	0.0000
sp|Q5M775|CYTSB_HUMAN	Q5M775	CYTSB_HUMAN	SPECC1	1068	Homo sapiens	Cytospin-B	1:Experimental evidence at protein level	0.66	0.5214	0.9455	1	0	1	1	0	1	987745	     0	987745	7K(304.2072), N-term(304.2072)		sp|Q9H2G2|SLK_HUMAN	28926.3320	11987.1895	34319.7695	18515.3066	11538.7402	21860.1230	17109.9043	27721.9648	33090.3438	23547.1797	28135.3242	29951.2480	29228.7480	26475.8047	39421.4258	0.0000
sp|P46459|NSF_HUMAN	P46459	NSF_HUMAN	NSF	744	Homo sapiens	Vesicle-fusing ATPase	1:Experimental evidence at protein level	1.48	0.5174	0.9447	1	1	1	1	1	1	507354	507354	507354	11K(304.2072), N-term(304.2072)			20663.4746	10303.7754	21241.1035	11013.1406	7567.5210	6464.2100	8941.7783	10441.1133	12598.0664	10523.0938	13171.9424	10824.9873	7888.6812	8088.6367	6799.1333	0.0000
sp|P61353|RL27_HUMAN	P61353	RL27_HUMAN	RPL27	136	Homo sapiens	60S ribosomal protein L27	1:Experimental evidence at protein level	5.88	0.5121	0.9436	1	1	1	2	2	2	617920	617920	617920	N-term(304.2072)			52871.4609	31909.3457	65082.0059	40628.2734	36623.7031	44956.8809	29916.6016	36267.1406	40953.5898	35902.9141	36695.2568	38131.6934	31979.9629	27467.8740	30249.1660	5049.7930
sp|Q6PI26|SHQ1_HUMAN	Q6PI26	SHQ1_HUMAN	SHQ1	577	Homo sapiens	Protein SHQ1 homolog	1:Experimental evidence at protein level	1.21	0.5101	0.9432	1	1	1	1	1	1	275213	275213	275213	7K(304.2072), N-term(304.2072)			18433.6387	15920.8477	18247.2656	18635.1094	13432.8262	13678.7412	17463.7969	17301.1172	11773.6680	18871.7051	14329.9639	13098.3799	15278.9541	11362.2100	12010.3398	0.0000
sp|O43808|PM34_HUMAN	O43808	PM34_HUMAN	SLC25A17	307	Homo sapiens	Peroxisomal membrane protein PMP34	1:Experimental evidence at protein level	10.75	0.5091	0.9430	1	1	1	1	1	1	3096848	3096848	3096848	23M(15.9949), N-term(42.0106)			21419.1152	9627.4541	21615.0410	28654.0801	19721.1602	29182.3145	24245.7109	29022.3750	26940.7188	28045.9043	31221.6465	26438.2969	30265.4805	31489.6895	30298.1367	0.0000
sp|P68400|CSK21_HUMAN	P68400	CSK21_HUMAN	CSNK2A1	391	Homo sapiens	Casein kinase II subunit alpha	1:Experimental evidence at protein level	1.79	0.5050	0.9421	1	0	1	1	0	1	460033	     0	460033	N-term(304.2072)		sp|Q8NEV1|CSK23_HUMAN	30784.7207	23551.6328	30403.0898	16019.0488	13920.8574	11664.6201	21333.4102	19342.9688	18824.1836	21103.9336	18234.1602	20176.7520	12723.5781	11186.2080	10984.4775	1526.0785
sp|Q13510|ASAH1_HUMAN	Q13510	ASAH1_HUMAN	ASAH1	395	Homo sapiens	Acid ceramidase	1:Experimental evidence at protein level	3.54	0.4881	0.9383	1	1	1	1	1	1	278272	278272	278272	14K(304.2072), 3K(304.2072), N-term(304.2072)			9946.5850	13719.0117	10082.5625	9124.0195	6096.1846	4938.0923	10460.7891	11046.8271	5253.1655	32014.6875	10289.8076	11938.5771	7243.2891	6341.1489	8499.7764	0.0000
sp|O95178|NDUB2_HUMAN	O95178	NDUB2_HUMAN	NDUFB2	105	Homo sapiens	NADH dehydrogenase [ubiquinone] 1 beta subcomplex subunit 2, mitochondrial	1:Experimental evidence at protein level	6.67	0.4811	0.9366	1	1	1	1	1	1	245631	245631	245631	N-term(304.2072)			16961.6270	15455.7979	20385.1875	9420.5469	8933.7051	7341.8398	13049.3643	13283.9990	13957.9355	13859.0127	14748.5674	15252.5850	6337.1899	7684.8423	7974.7783	0.0000
sp|P04181|OAT_HUMAN	P04181	OAT_HUMAN	OAT	439	Homo sapiens	Ornithine aminotransferase, mitochondrial	1:Experimental evidence at protein level	1.82	0.4745	0.9351	1	1	1	1	1	1	244358	244358	244358	8K(304.2072), N-term(304.2072)			17576.5078	9860.7832	17823.2207	7873.6294	6995.6479	7237.9014	8378.8848	13465.0664	16459.6914	11084.0977	11698.2510	13328.5654	7692.1455	6723.5967	7120.7954	0.0000
sp|Q9GZY8|MFF_HUMAN	Q9GZY8	MFF_HUMAN	MFF	342	Homo sapiens	Mitochondrial fission factor	1:Experimental evidence at protein level	3.22	0.4738	0.9349	1	1	1	1	1	1	224571	224571	224571	9K(304.2072), N-term(304.2072)			24408.9434	17318.8613	27679.7520	18571.6484	19585.7109	16044.8945	22177.9688	22135.0938	27788.9297	29881.3926	21571.3145	25191.2461	14768.7207	13183.2061	12321.5879	0.0000
sp|Q01469|FABP5_HUMAN	Q01469	FABP5_HUMAN	FABP5	135	Homo sapiens	Fatty acid-binding protein 5	1:Experimental evidence at protein level	15.56	0.4683	0.9335	1	1	1	1	1	1	359903	359903	359903	11K(304.2072), 21K(304.2072), 6C(57.0215), N-term(304.2072)			9549.6787	8800.8057	8408.7188	7149.5195	10374.4756	8092.0933	15386.6484	10207.4824	13186.9600	17184.4102	16308.3145	19007.4551	11297.7842	7579.4404	14739.9609	0.0000
sp|P51513|NOVA1_HUMAN	P51513	NOVA1_HUMAN	NOVA1	507	Homo sapiens	RNA-binding protein Nova-1	1:Experimental evidence at protein level	2.37	0.4668	0.9331	1	0	1	1	0	1	369778	     0	369778	N-term(304.2072)		sp|Q9UNW9|NOVA2_HUMAN	16969.4531	10662.5801	13818.6279	8392.7559	7916.1807	5148.8364	8426.6934	11448.9609	10976.7549	8649.0273	10487.9395	12218.2559	5916.8594	4655.5659	6541.6396	0.0000
sp|Q9UI15|TAGL3_HUMAN	Q9UI15	TAGL3_HUMAN	TAGLN3	199	Homo sapiens	Transgelin-3	1:Experimental evidence at protein level	4.02	0.4637	0.9324	1	1	1	1	1	1	593740	593740	593740				4421.9736	2729.2729	3791.6277	3769.5635	4608.9912	2404.4102	5563.5591	3301.0527	6025.1753	3115.2976	4058.4009	3270.4287	6219.5879	3201.4055	2967.2937	0.0000
sp|Q9NWN3|FBX34_HUMAN	Q9NWN3	FBX34_HUMAN	FBXO34	711	Homo sapiens	F-box only protein 34	1:Experimental evidence at protein level	3.38	0.4591	0.9312	1	1	1	1	1	1	26506346	26506346	26506346	24K(304.2072), 7C(57.0215), 8K(304.2072)			41578.1953	43131.9141	69411.1953	82598.0000	75459.3984	112356.3750	91489.1172	98984.1797	84173.4531	92599.0000	87336.9141	88901.6484	97124.8594	84593.5625	102637.0938	1087.0886
sp|Q5T1R4|ZEP3_HUMAN	Q5T1R4	ZEP3_HUMAN	HIVEP3	2406	Homo sapiens	Transcription factor HIVEP3	1:Experimental evidence at protein level	1.33	0.4533	0.9297	1	1	1	5	5	5	931669	931669	931669				8904.7332	11614.1958	17431.3340	19856.1006	16014.6816	21958.0225	21270.6758	15982.7031	16589.2134	20673.8174	18956.7373	23071.5273	17906.2412	17571.9868	19921.7070	0.0000
sp|P08574|CY1_HUMAN	P08574	CY1_HUMAN	CYC1	325	Homo sapiens	Cytochrome c1, heme protein, mitochondrial	1:Experimental evidence at protein level	2.15	0.4497	0.9287	1	1	1	1	1	1	351174	351174	351174	3C(57.0215), N-term(304.2072)			19614.5195	9443.5195	19206.3633	6629.2383	7092.9209	8373.9287	14403.8223	17796.6836	24357.2148	14833.3887	16781.2871	17074.9023	7312.1968	7314.3584	7827.4946	0.0000
sp|Q00059|TFAM_HUMAN	Q00059	TFAM_HUMAN	TFAM	246	Homo sapiens	Transcription factor A, mitochondrial	1:Experimental evidence at protein level	4.88	0.4440	0.9272	1	1	1	1	1	1	238264	238264	238264	7K(304.2072), N-term(304.2072)			17033.1465	14569.1475	28691.3594	20048.8184	17196.9980	21891.9707	17434.8770	19890.6816	20833.7383	21231.3809	24680.7676	17204.3750	13399.2646	17527.9277	16019.9824	0.0000
sp|P23490|LORI_HUMAN	P23490	LORI_HUMAN	LORICRIN	312	Homo sapiens	Loricrin	1:Experimental evidence at protein level	4.17	0.4433	0.9270	1	1	1	1	1	1	338397	338397	338397	11C(57.0215), 13K(304.2072), 1K(304.2072), N-term(304.2072)			8954.8311	5916.9468	5979.5664	5145.4849	7421.2480	5383.9072	10068.8447	8106.9023	12314.9541	10514.0723	9748.7588	13956.4443	7752.7617	11402.3701	10898.9121	0.0000
sp|Q9ULI3|HEG1_HUMAN	Q9ULI3	HEG1_HUMAN	HEG1	1381	Homo sapiens	Protein HEG homolog 1	1:Experimental evidence at protein level	1.52	0.4402	0.9261	1	1	1	1	1	1	3815774	3815774	3815774				13217.1455	16477.9199	16000.8779	22802.6309	17596.0625	25037.6699	22621.2832	19513.0449	17702.1484	22524.0879	19528.8203	23415.5996	21535.9922	20117.3730	17016.2090	0.0000
sp|Q8N6D5|ANR29_HUMAN	Q8N6D5	ANR29_HUMAN	ANKRD29	301	Homo sapiens	Ankyrin repeat domain-containing protein 29	1:Experimental evidence at protein level	6.98	0.4385	0.9256	1	1	1	1	1	1	19877460	19877460	19877460	19C(57.0215), N-term(304.2072)			390994.5625	445967.4688	691574.1250	856713.8750	647553.1250	916869.8750	824422.2500	813186.8125	778974.8125	847942.4375	749231.0000	847214.5000	804720.0000	741273.0625	836847.2500	0.0000
sp|O00422|SAP18_HUMAN	O00422	SAP18_HUMAN	SAP18	153	Homo sapiens	Histone deacetylase complex subunit SAP18	1:Experimental evidence at protein level	4.58	0.4337	0.9243	1	1	1	1	1	1	463573	463573	463573	N-term(304.2072)			64693.0273	25930.4434	43246.1133	16381.5605	13254.6523	12806.6406	15733.2363	24925.6074	24339.7539	18272.6914	19292.5059	18532.6875	14008.9941	10831.6484	14457.6992	0.0000
sp|P51649|SSDH_HUMAN	P51649	SSDH_HUMAN	ALDH5A1	535	Homo sapiens	Succinate-semialdehyde dehydrogenase, mitochondrial	1:Experimental evidence at protein level	1.50	0.4333	0.9242	1	1	1	1	1	1	437847	437847	437847	8K(304.2072), N-term(304.2072)			18102.9141	14077.1113	15836.9561	7635.3638	5458.5254	5694.6562	18071.1602	21763.5781	25952.0391	21533.6035	22082.4961	24109.9434	10841.8135	7270.6328	6427.8403	0.0000
sp|O60884|DNJA2_HUMAN	O60884	DNJA2_HUMAN	DNAJA2	412	Homo sapiens	DnaJ homolog subfamily A member 2	1:Experimental evidence at protein level	1.94	0.4287	0.9228	1	1	1	1	1	1	370414	370414	370414	8K(304.2072), N-term(304.2072)			32723.5527	7955.3237	24672.9434	7415.9702	4024.3181	4595.2124	8183.0933	11300.0234	11874.2998	10900.2959	10765.0391	8314.4785	4428.0156	2675.9202	3340.8533	0.0000
sp|Q53H12|AGK_HUMAN	Q53H12	AGK_HUMAN	AGK	422	Homo sapiens	Acylglycerol kinase, mitochondrial	1:Experimental evidence at protein level	2.13	0.4269	0.9223	1	1	1	1	1	1	282530	282530	282530	N-term(304.2072)			21056.5156	14292.2832	21705.2168	13185.5977	13600.6123	15726.9160	21740.8184	21570.5000	21096.0332	22220.5684	19235.5195	17957.3008	11100.0879	13223.3945	13437.6133	0.0000
sp|Q9Y2R0|COA3_HUMAN	Q9Y2R0	COA3_HUMAN	COA3	106	Homo sapiens	Cytochrome c oxidase assembly factor 3 homolog, mitochondrial	1:Experimental evidence at protein level	8.49	0.4175	0.9195	1	1	1	1	1	1	471160	471160	471160	N-term(304.2072)			14177.1113	7548.0298	11997.0938	5140.8364	4144.7100	2862.0310	7772.8735	8407.6152	7814.4985	5599.9873	7691.0811	6627.8135	3469.0059	1810.4081	3903.7515	0.0000
sp|Q9H857|NT5D2_HUMAN	Q9H857	NT5D2_HUMAN	NT5DC2	520	Homo sapiens	5'-nucleotidase domain-containing protein 2	1:Experimental evidence at protein level	1.92	0.4172	0.9194	1	1	1	1	1	1	305904	305904	305904	N-term(304.2072)			17313.6426	10007.3262	17230.6875	8746.5107	5009.6440	6632.2368	15279.5244	16633.7227	20257.8438	14977.9199	21733.0918	16193.1699	6326.4458	8096.7246	7998.2695	0.0000
sp|O60493|SNX3_HUMAN	O60493	SNX3_HUMAN	SNX3	162	Homo sapiens	Sorting nexin-3	1:Experimental evidence at protein level	6.17	0.4159	0.9190	1	1	1	1	1	1	264671	264671	264671	10K(304.2072), 1K(304.2072), N-term(304.2072)			41598.7617	34858.4219	32525.4785	26532.1602	22572.2734	22798.7188	23216.8438	22920.5117	21871.5742	28475.3145	21392.3477	22793.0840	18640.8223	15343.7969	18642.1289	1744.5942
sp|Q9P2E3|ZNFX1_HUMAN	Q9P2E3	ZNFX1_HUMAN	ZNFX1	1918	Homo sapiens	NFX1-type zinc finger-containing protein 1	1:Experimental evidence at protein level	0.36	0.4092	0.9170	1	1	1	2	2	2	2027342	2027342	2027342	4M(15.9949)			5009.3916	4125.3369	6774.4873	4137.4775	3277.4475	3060.9194	4218.6152	3884.7864	4903.6270	4292.9312	4638.0366	4680.4111	3340.1514	2490.8398	3359.6946	0.0000
sp|Q15005|SPCS2_HUMAN	Q15005	SPCS2_HUMAN	SPCS2	226	Homo sapiens	Signal peptidase complex subunit 2	1:Experimental evidence at protein level	3.10	0.3954	0.9125	1	1	1	1	1	1	591396	591396	591396	N-term(304.2072)			26185.5156	15415.7363	26091.9238	11848.3594	6452.6753	9135.1484	13871.9902	19798.9785	21694.9824	15987.8857	19333.9199	18785.3320	8473.9043	7064.8037	10837.0439	0.0000
sp|Q9UBM7|DHCR7_HUMAN	Q9UBM7	DHCR7_HUMAN	DHCR7	475	Homo sapiens	7-dehydrocholesterol reductase	1:Experimental evidence at protein level	1.68	0.3931	0.9117	1	1	1	1	1	1	2216579	2216579	2216579	N-term(304.2072)			59941.9805	30296.0605	42120.6641	22959.6738	15832.0371	20359.9590	22120.2559	21700.5078	23001.7129	20814.4746	23120.2266	22960.7695	14318.1387	12883.1504	15957.9443	0.0000
sp|O14776|TCRG1_HUMAN	O14776	TCRG1_HUMAN	TCERG1	1098	Homo sapiens	Transcription elongation regulator 1	1:Experimental evidence at protein level	0.73	0.3893	0.9104	1	1	1	1	1	1	218575	218575	218575	N-term(304.2072)			21307.1074	9781.2529	9963.6689	6362.7812	7285.8745	10753.7432	6648.3467	8273.1328	6317.2231	10064.5146	9400.2402	8774.5029	6890.0479	5260.2896	7839.0132	0.0000
sp|P21397|AOFA_HUMAN	P21397	AOFA_HUMAN	MAOA	527	Homo sapiens	Amine oxidase [flavin-containing] A	1:Experimental evidence at protein level	1.52	0.3855	0.9091	1	1	1	1	1	1	207341	207341	207341	8K(304.2072), N-term(304.2072)			24432.6973	13576.8789	20350.7246	6227.3159	5616.1748	7643.2690	7159.3604	11217.9111	9182.0234	10910.1191	8093.2476	8457.7051	7793.7480	6117.5396	6455.1846	0.0000
sp|O43776|SYNC_HUMAN	O43776	SYNC_HUMAN	NARS1	548	Homo sapiens	Asparagine--tRNA ligase, cytoplasmic	1:Experimental evidence at protein level	1.46	0.3840	0.9086	1	1	1	1	1	1	289376	289376	289376	N-term(304.2072)			21389.5352	15093.6953	21714.5254	10354.2266	9620.8359	7350.7466	8440.7500	10968.9219	11735.2178	11332.3936	10893.1240	12360.3184	10030.5869	10128.5488	7722.6533	0.0000
sp|O95433|AHSA1_HUMAN	O95433	AHSA1_HUMAN	AHSA1	338	Homo sapiens	Activator of 90 kDa heat shock protein ATPase homolog 1	1:Experimental evidence at protein level	2.07	0.3776	0.9063	1	1	1	1	1	1	310168	310168	310168	7K(304.2072), N-term(304.2072)			22857.6758	14540.6045	21346.8652	12955.1045	7254.1113	9945.1816	11960.4883	11142.5723	15280.0791	11265.4355	12920.9209	16214.9326	9368.3896	6709.3677	10577.0820	0.0000
sp|P46977|STT3A_HUMAN	P46977	STT3A_HUMAN	STT3A	705	Homo sapiens	Dolichyl-diphosphooligosaccharide--protein glycosyltransferase subunit STT3A	1:Experimental evidence at protein level	0.99	0.3767	0.9060	1	1	1	1	1	1	     0	     0	     0	N-term(304.2072)			20091.7051	17945.1660	22854.5215	19280.4863	16201.8447	18233.2070	18176.1367	16562.6387	15693.9053	16736.6836	15458.4844	17376.5684	12570.0049	14585.5830	13257.8945	0.0000
sp|P83881|RL36A_HUMAN	P83881	RL36A_HUMAN	RPL36A	106	Homo sapiens	60S ribosomal protein L36a	1:Experimental evidence at protein level	6.60	0.3763	0.9058	1	0	1	1	0	1	784542	     0	784542	1K(304.2072), N-term(304.2072)		sp|Q969Q0|RL36L_HUMAN	48399.6680	41458.4219	75382.6875	47057.3828	40297.4375	42916.8516	33312.1016	30035.0430	42372.7969	30103.6934	40718.3672	40150.9180	23138.5898	24271.0137	33875.5938	0.0000
sp|Q9Y3E1|HDGR3_HUMAN	Q9Y3E1	HDGR3_HUMAN	HDGFL3	203	Homo sapiens	Hepatoma-derived growth factor-related protein 3	1:Experimental evidence at protein level	3.94	0.3762	0.9058	1	1	1	1	1	1	624779	624779	624779	8K(304.2072), N-term(304.2072)			26630.4004	16901.1836	24098.2559	14308.2617	15245.4277	16337.5537	20796.1074	23171.4043	26754.9629	24945.0488	23749.8438	20354.8438	17885.2207	12347.9229	14458.7080	0.0000
sp|Q5XKP0|MIC13_HUMAN	Q5XKP0	MIC13_HUMAN	MICOS13	118	Homo sapiens	MICOS complex subunit MIC13	1:Experimental evidence at protein level	9.32	0.3712	0.9039	1	1	1	1	1	1	481864	481864	481864	11K(304.2072), 4K(304.2072), N-term(304.2072)			44809.8516	63649.1172	51278.7266	32745.3262	26150.7051	22631.5742	51914.0781	33796.8359	39226.2500	55067.1094	33202.6523	42876.2656	11966.8525	14157.1309	14645.3232	0.0000
sp|Q9BXT2|CCG6_HUMAN	Q9BXT2	CCG6_HUMAN	CACNG6	260	Homo sapiens	Voltage-dependent calcium channel gamma-6 subunit	1:Experimental evidence at protein level	2.69	0.3642	0.9013	1	1	1	2	2	2	982237	982237	982237	N-term(304.2072)			31353.3672	22337.4082	20973.2656	12666.9248	10492.2197	9982.7061	10498.2900	11829.3008	11692.0322	10128.4912	15500.0947	15004.7129	7401.2334	6732.8311	8960.1543	0.0000
sp|P05090|APOD_HUMAN	P05090	APOD_HUMAN	APOD	189	Homo sapiens	Apolipoprotein D	1:Experimental evidence at protein level	3.70	0.3496	0.8955	1	1	1	1	1	1	949033	949033	949033	N-term(304.2072)			0.0000	0.0000	0.0000	0.0000	0.0000	0.0000	0.0000	0.0000	0.0000	0.0000	0.0000	0.0000	0.0000	0.0000	0.0000	0.0000
sp|Q08188|TGM3_HUMAN	Q08188	TGM3_HUMAN	TGM3	693	Homo sapiens	Protein-glutamine gamma-glutamyltransferase E	1:Experimental evidence at protein level	1.01	0.3485	0.8951	1	1	1	1	1	1	274123	274123	274123				0.0000	0.0000	0.0000	0.0000	0.0000	0.0000	0.0000	0.0000	0.0000	0.0000	0.0000	0.0000	0.0000	0.0000	0.0000	0.0000
sp|A8MW92|P20L1_HUMAN	A8MW92	P20L1_HUMAN	PHF20L1	1017	Homo sapiens	PHD finger protein 20-like protein 1	1:Experimental evidence at protein level	2.26	0.3464	0.8942	1	1	1	1	1	1	16590835	16590835	16590835	18C(57.0215), 23K(304.2072)			0.0000	0.0000	0.0000	0.0000	0.0000	0.0000	0.0000	0.0000	0.0000	0.0000	0.0000	0.0000	0.0000	0.0000	0.0000	0.0000
sp|P16260|GDC_HUMAN	P16260	GDC_HUMAN	SLC25A16	332	Homo sapiens	Solute carrier family 25 member 16	1:Experimental evidence at protein level	9.04	0.3414	0.8920	1	1	1	1	1	1	2375732	2375732	2375732	18M(15.9949)			0.0000	0.0000	0.0000	0.0000	0.0000	0.0000	0.0000	0.0000	0.0000	0.0000	0.0000	0.0000	0.0000	0.0000	0.0000	0.0000
sp|Q15181|IPYR_HUMAN	Q15181	IPYR_HUMAN	PPA1	289	Homo sapiens	Inorganic pyrophosphatase	1:Experimental evidence at protein level	3.11	0.3340	0.8888	1	1	1	1	1	1	317594	317594	317594	N-term(304.2072)			0.0000	0.0000	0.0000	0.0000	0.0000	0.0000	0.0000	0.0000	0.0000	0.0000	0.0000	0.0000	0.0000	0.0000	0.0000	0.0000
sp|Q15424|SAFB1_HUMAN	Q15424	SAFB1_HUMAN	SAFB	915	Homo sapiens	Scaffold attachment factor B1	1:Experimental evidence at protein level	0.87	0.3325	0.8881	1	1	1	1	1	1	221865	221865	221865	8K(304.2072), N-term(304.2072)			0.0000	0.0000	0.0000	0.0000	0.0000	0.0000	0.0000	0.0000	0.0000	0.0000	0.0000	0.0000	0.0000	0.0000	0.0000	0.0000
sp|Q9UII2|ATIF1_HUMAN	Q9UII2	ATIF1_HUMAN	ATP5IF1	106	Homo sapiens	ATPase inhibitor, mitochondrial	1:Experimental evidence at protein level	6.60	0.3304	0.8872	1	1	1	1	1	1	527890	527890	527890	N-term(304.2072)			0.0000	0.0000	0.0000	0.0000	0.0000	0.0000	0.0000	0.0000	0.0000	0.0000	0.0000	0.0000	0.0000	0.0000	0.0000	0.0000
sp|P49069|CAMLG_HUMAN	P49069	CAMLG_HUMAN	CAMLG	296	Homo sapiens	Guided entry of tail-anchored proteins factor CAMLG	1:Experimental evidence at protein level	8.78	0.3256	0.8850	1	1	1	2	2	2	4355636	4355636	4355636	3M(15.9949), N-term(304.2072)			0.0000	0.0000	0.0000	0.0000	0.0000	0.0000	0.0000	0.0000	0.0000	0.0000	0.0000	0.0000	0.0000	0.0000	0.0000	0.0000
sp|Q5TF21|SOGA3_HUMAN	Q5TF21	SOGA3_HUMAN	SOGA3	947	Homo sapiens	Protein SOGA3	3:Protein inferred from homology	1.16	0.3246	0.8846	1	0	1	1	0	1	212263	     0	212263	N-term(304.2072)		sp|Q9Y4B5|MTCL1_HUMAN	0.0000	0.0000	0.0000	0.0000	0.0000	0.0000	0.0000	0.0000	0.0000	0.0000	0.0000	0.0000	0.0000	0.0000	0.0000	0.0000
sp|P55786|PSA_HUMAN	P55786	PSA_HUMAN	NPEPPS	919	Homo sapiens	Puromycin-sensitive aminopeptidase	1:Experimental evidence at protein level	0.76	0.3228	0.8837	1	1	1	1	1	1	328764	328764	328764	7K(304.2072), N-term(304.2072)			0.0000	0.0000	0.0000	0.0000	0.0000	0.0000	0.0000	0.0000	0.0000	0.0000	0.0000	0.0000	0.0000	0.0000	0.0000	0.0000
sp|P16520|GBB3_HUMAN	P16520	GBB3_HUMAN	GNB3	340	Homo sapiens	Guanine nucleotide-binding protein G(I)/G(S)/G(T) subunit beta-3	1:Experimental evidence at protein level	2.94	0.0000	0.9972	1	0	1	1	0	1	1198824	     0	1198824	10K(304.2072), N-term(304.2072)			83729.5781	24956.1191	58295.6641	12821.3672	9636.1143	9543.0342	12683.5303	25059.4043	26538.8066	19299.9160	21506.6836	16618.9453	13133.8369	9814.6533	13520.2979	0.0000
